 1 1 1 1 1 1 1 1 1 1 1 1 1 1 1 1 1 1 1 1 1 1 1 1 1 1 1 1 1 1 1 1 1 1 1 1 1 1 1 1 1 1 1 1 1 1 1 1 1 1 1 1 1 1 1 1 1 1 1 1 1 1 1 1 1 1 1 1 1 1 1 1 1 1 1 1 1 1 1 1 1 1 1 1 1 1 1 1 1 1 1 1 1 1 1 1 1 1 1 1
 1 1 1 1 1 1 1 1 1 1 1 1 1 1 1 1 1 1 1 1 1 1 1 1 1 1 1 1 1 1 1 1 1 1 1 1 1 1 1 1 1 1 1 1 1 1 1 1 1 1 1 1 1 1 1 1 1 1 1 1 1 1 1 1 1 1 1 1 1 1 1 1 1 1 1 1 1 1 1 1 1 1 1 1 1 1 1 1 1 1 1 1 1 1 1 1 1 1 1 1
 1 1 1 1 1 1 1 1 1 1 1 1 1 1 1 1 1 1 1 1 1 1 1 1 1 1 1 1 1 1 1 1 1 1 1 1 1 1 1 1 1 1 1 1 1 1 1 1 1 1 1 1 1 1 1 1 1 1 1 1 1 1 1 1 1 1 1 1 1 1 1 1 1 1 1 1 1 1 1 1 1 1 1 1 1 1 1 1 1 1 1 1 1 1 1 1 1 1 1 1
 1 1 1 1 1 1 1 1 1 1 1 1 1 1 1 1 1 1 1 1 1 1 1 1 1 1 1 1 1 1 1 1 1 1 1 1 1 1 1 1 1 1 1 1 1 1 1 1 1 1 1 1 1 1 1 1 1 1 1 1 1 1 1 1 1 1 1 1 1 1 1 1 1 1 1 1 1 1 1 1 1 1 1 1 1 1 1 1 1 1 1 1 1 1 1 1 1 1 1 1
 1 1 1 1 1 1 1 1 1 1 1 1 1 1 1 1 1 1 1 1 1 1 1 1 1 1 1 1 1 1 1 1 1 1 1 1 1 1 1 1 1 1 1 1 1 1 1 1 1 1 1 1 1 1 1 1 1 1 1 1 1 1 1 1 1 1 1 1 1 1 1 1 1 1 1 1 1 1 1 1 1 1 1 1 1 1 1 1 1 1 1 1 1 1 1 1 1 1 1 1
 1 1 1 1 1 1 1 1 1 1 1 1 1 1 1 1 1 1 1 1 1 1 1 1 1 1 1 1 1 1 1 1 1 1 1 1 1 1 1 1 1 1 1 1 1 1 1 1 1 1 1 1 1 1 1 1 1 1 1 1 1 1 1 1 1 1 1 1 1 1 1 1 1 1 1 1 1 1 1 1 1 1 1 1 1 1 1 1 1 1 1 1 1 1 1 1 1 1 1 1
 1 1 1 1 1 1 1 1 1 1 1 1 1 1 1 1 1 1 1 1 1 1 1 1 1 1 1 1 1 1 1 1 1 1 1 1 1 1 1 1 1 1 1 1 1 1 1 1 1 1 1 1 1 1 1 1 1 1 1 1 1 1 1 1 1 1 1 1 1 1 1 1 1 1 1 1 1 1 1 1 1 1 1 1 1 1 1 1 1 1 1 1 1 1 1 1 1 1 1 1
 1 1 1 1 1 1 1 1 1 1 1 1 1 1 1 1 1 1 1 1 1 1 1 1 1 1 1 1 1 1 1 1 1 1 1 1 1 1 1 1 1 1 1 1 1 1 1 1 1 1 1 1 1 1 1 1 1 1 1 1 1 1 1 1 1 1 1 1 1 1 1 1 1 1 1 1 1 1 1 1 1 1 1 1 1 1 1 1 1 1 1 1 1 1 1 1 1 1 1 1
 1 1 1 1 2 1 1 1 1 1 1 1 1 1 1 1 1 1 1 1 1 1 1 1 1 1 1 1 1 1 1 1 1 1 1 1 1 1 1 1 1 1 1 1 1 1 1 1 1 1 1 1 1 1 1 1 1 1 1 1 1 1 1 1 1 1 1 1 1 1 1 1 1 1 1 1 1 1 1 1 2 1 1 2 1 1 1 1 1 1 1 1 1 1 1 1 1 1 1 1
 1 1 1 1 2 1 2 1 1 1 1 1 1 1 1 1 1 1 1 1 2 1 1 1 1 1 1 1 1 1 1 1 1 1 1 1 1 1 1 1 1 1 1 1 1 1 1 1 1 1 1 1 1 1 1 1 1 1 1 1 2 2 1 1 1 1 1 1 1 1 1 1 1 1 1 1 1 1 1 1 2 1 1 2 1 1 1 1 1 1 1 1 1 1 1 1 1 1 1 1
 1 1 2 1 2 1 2 1 1 1 1 1 1 1 2 1 1 1 1 1 2 1 1 1 1 2 1 1 2 1 1 1 2 1 1 1 1 1 1 1 1 2 1 1 1 1 1 1 1 1 1 1 1 1 1 1 1 1 1 1 2 2 1 1 1 1 1 2 1 1 1 1 1 2 1 1 1 1 1 2 2 1 1 2 1 1 1 1 1 1 1 1 1 1 1 1 1 1 1 1
 2 2 2 1 2 1 2 1 1 1 1 1 2 1 2 1 1 1 1 1 3 1 1 2 1 2 1 1 2 1 1 1 2 1 1 1 2 1 3 1 1 2 1 1 1 1 1 1 1 1 1 2 1 2 3 1 3 1 1 1 2 2 1 1 2 1 1 2 1 1 1 1 1 2 1 1 1 1 1 2 2 1 1 2 1 1 1 1 1 1 1 1 1 1 2 2 2 1 1 1
 3 2 2 1 3 3 2 1 1 1 1 1 2 1 3 1 2 2 1 1 4 1 2 2 2 2 1 1 2 1 2 2 2 2 1 1 2 1 3 1 1 2 1 1 2 1 1 1 1 1 1 3 1 2 3 1 4 2 1 1 2 2 1 2 3 1 1 2 1 3 1 1 2 2 1 2 1 1 3 2 2 2 1 2 1 4 2 1 1 1 2 3 2 1 3 2 2 2 1 1
 4 3 4 3 3 4 2 2 1 2 2 1 4 2 4 2 3 3 1 3 4 4 2 5 4 3 3 3 2 1 3 2 3 5 1 4 6 2 4 2 3 2 2 3 2 2 1 1 1 2 2 4 3 4 3 1 4 2 2 1 2 2 3 3 5 3 2 3 1 3 1 3 3 3 2 2 3 1 4 3 2 2 2 3 1 5 2 2 1 1 2 3 3 1 3 3 2 3 3 2
 5 8 5 10 4 5 5 4 4 3 3 5 5 5 4 3 4 4 2 3 4 10 2 9 5 4 5 4 3 2 4 4 4 6 3 6 8 6 10 4 3 5 6 4 4 3 2 1 3 5 5 5 7 4 5 2 4 3 2 4 3 5 3 4 5 4 2 4 5 4 3 7 4 7 3 3 5 2 5 4 3 3 2 3 1 8 3 5 3 4 4 5 6 2 4 3 2 5 4 7
 10 10 10 15 9 9 7 8 6 11 6 7 7 8 8 8 6 8 9 4 8 12 5 15 8 7 8 9 9 5 6 6 10 13 9 8 9 10 12 10 7 11 11 5 8 8 3 4 5 10 9 5 8 6 7 3 6 9 6 7 7 7 12 11 8 11 11 5 6 6 4 12 7 12 8 3 8 10 7 6 10 6 3 4 3 13 8 10 6 7 8 6 8 3 6 7 3 12 6 11
 15 18 17 17 13 18 13 12 10 15 11 14 13 16 14 13 10 14 16 12 18 19 12 21 15 14 14 14 17 8 10 11 18 21 15 8 13 15 17 16 12 17 27 11 17 13 8 11 17 24 17 9 15 18 13 12 12 18 17 14 12 15 17 17 18 17 14 9 14 11 12 18 14 24 13 10 16 16 12 15 15 12 9 8 14 18 19 16 11 18 17 13 15 12 10 9 12 19 16 19
 31 30 37 30 23 30 25 24 28 32 21 29 23 25 21 26 23 26 35 28 34 36 26 35 27 25 29 29 31 22 36 26 35 33 28 19 23 30 31 26 22 28 47 20 36 20 17 24 31 33 31 21 32 33 26 24 25 26 35 29 26 29 28 30 39 27 30 23 24 25 26 36 27 36 23 19 29 27 24 29 19 28 24 28 30 29 33 28 25 28 30 27 34 24 16 19 26 40 31 32
 57 56 59 57 54 47 43 51 52 52 50 47 55 52 40 52 47 57 65 56 59 68 49 60 57 50 59 53 52 45 60 55 57 61 57 43 47 52 59 58 47 55 80 46 66 43 43 48 65 61 65 49 63 54 44 50 52 63 64 56 45 54 53 57 67 53 51 52 52 49 58 65 55 62 57 43 54 48 49 47 47 50 59 58 49 57 63 51 56 62 54 60 48 50 39 51 59 64 60 68
 109 99 96 110 102 104 108 109 107 109 103 106 112 107 79 109 95 119 110 113 114 132 90 113 115 101 111 92 100 93 118 99 108 116 112 87 102 109 111 105 105 99 129 100 118 91 93 97 125 99 120 97 119 105 102 101 107 131 116 108 94 104 90 105 128 96 95 106 104 94 97 125 109 106 104 91 113 107 102 96 117 107 109 115 101 106 115 111 112 124 105 120 96 114 84 114 115 111 116 119
 224 204 202 220 203 191 214 205 220 230 211 197 218 214 182 231 196 216 206 214 207 241 200 226 244 202 210 202 200 204 212 195 209 219 217 176 202 212 219 209 206 224 216 195 217 188 187 188 253 227 214 188 219 227 186 196 218 237 232 219 202 226 175 216 231 189 204 209 199 195 204 221 224 210 228 220 231 219 212 202 225 200 210 230 207 217 241 209 224 231 216 241 195 198 192 218 221 222 221 219
 455 390 404 427 428 388 415 442 432 457 403 411 430 423 381 436 406 434 433 429 427 452 377 426 465 421 434 413 401 441 403 406 410 442 400 382 435 433 432 419 421 447 416 415 444 395 378 395 464 434 412 383 435 405 400 418 437 419 426 445 409 419 381 394 433 386 394 417 403 401 411 464 407 411 456 433 433 442 421 442 429 450 411 436 426 417 450 404 416 434 449 449 404 411 395 449 403 433 425 425
 853 813 831 826 876 828 815 862 872 875 788 823 828 836 778 834 807 844 868 875 858 865 816 855 897 826 874 808 814 836 845 827 809 870 842 772 864 873 873 840 844 838 870 831 862 823 812 833 864 829 808 798 823 819 816 828 819 792 875 845 837 868 826 819 864 818 835 818 844 819 832 925 824 832 902 851 854 834 832 837 815 874 841 851 819 858 888 817 831 851 869 824 783 811 759 867 819 859 833 824
