Time	TotalPop	Totalpdl1Pop
1	1	0
2	1	0
3	1	0
4	1	0
5	1	0
6	1	0
7	1	0
8	1	0
9	1	0
10	1	0
11	1	0
12	1	0
13	1	0
14	1	0
15	1	0
16	1	0
17	1	0
18	1	0
19	1	0
20	1	0
21	1	0
22	1	0
23	1	0
24	1	0
25	1	0
26	1	0
27	1	0
28	1	0
29	1	0
30	1	0
31	1	0
32	1	0
33	1	0
34	1	0
35	1	0
36	1	0
37	1	0
38	1	0
39	1	0
40	1	0
41	1	0
42	1	0
43	1	0
44	1	0
45	1	0
46	1	0
47	1	0
48	1	0
49	1	0
50	1	0
51	1	0
52	1	0
53	1	0
54	1	0
55	1	0
56	1	0
57	1	0
58	1	0
59	1	0
60	1	0
61	1	0
62	1	0
63	1	0
64	1	0
65	1	0
66	1	0
67	1	0
68	1	0
69	1	0
70	1	0
71	1	0
72	1	0
73	1	0
74	1	0
75	1	0
76	1	0
77	1	0
78	1	0
79	1	0
80	1	0
81	2	0
82	2	0
83	2	0
84	2	0
85	2	0
86	2	0
87	2	0
88	2	0
89	2	0
90	2	0
91	2	0
92	2	0
93	2	0
94	2	0
95	2	0
96	2	0
97	2	0
98	2	0
99	2	0
100	2	0
101	2	0
102	2	0
103	2	0
104	2	0
105	2	0
106	2	0
107	2	0
108	2	0
109	2	0
110	2	0
111	2	0
112	2	0
113	2	0
114	2	0
115	2	0
116	2	0
117	2	0
118	2	0
119	2	0
120	2	0
121	2	0
122	2	0
123	2	0
124	2	0
125	2	0
126	2	0
127	2	0
128	2	0
129	2	0
130	2	0
131	2	0
132	2	0
133	2	0
134	2	0
135	2	0
136	2	0
137	2	0
138	2	0
139	2	0
140	2	0
141	2	0
142	2	0
143	2	0
144	2	0
145	2	0
146	2	0
147	2	0
148	2	0
149	2	0
150	2	0
151	2	0
152	2	0
153	2	0
154	2	0
155	2	0
156	2	0
157	2	0
158	2	0
159	2	0
160	2	0
161	4	0
162	4	0
163	4	0
164	4	0
165	4	0
166	4	0
167	4	0
168	4	0
169	4	0
170	4	0
171	4	0
172	4	0
173	4	0
174	4	0
175	4	0
176	4	0
177	4	0
178	4	0
179	4	0
180	4	0
181	4	0
182	4	0
183	4	0
184	4	0
185	4	0
186	4	0
187	4	0
188	4	0
189	4	0
190	4	0
191	4	0
192	4	0
193	4	0
194	4	0
195	4	0
196	4	0
197	4	0
198	4	0
199	4	0
200	4	0
201	4	0
202	4	0
203	4	0
204	4	0
205	4	0
206	4	0
207	4	0
208	4	0
209	4	0
210	4	0
211	4	0
212	4	0
213	4	0
214	4	0
215	4	0
216	4	0
217	4	0
218	4	0
219	4	0
220	4	0
221	4	0
222	4	0
223	4	0
224	4	0
225	4	0
226	4	0
227	4	0
228	4	0
229	4	0
230	4	0
231	4	0
232	4	0
233	4	0
234	4	0
235	4	0
236	4	0
237	4	0
238	4	0
239	4	0
240	4	0
241	8	0
242	8	0
243	8	0
244	8	0
245	8	0
246	8	0
247	8	0
248	8	0
249	8	0
250	8	0
251	8	0
252	8	0
253	8	0
254	8	0
255	8	0
256	8	0
257	8	0
258	8	0
259	8	0
260	8	0
261	8	0
262	8	0
263	8	0
264	8	0
265	8	0
266	8	0
267	8	0
268	8	0
269	8	0
270	8	0
271	8	0
272	8	0
273	8	0
274	8	0
275	8	0
276	8	0
277	8	0
278	8	0
279	8	0
280	8	0
281	8	0
282	8	0
283	8	0
284	8	0
285	8	0
286	8	0
287	8	0
288	8	0
289	8	0
290	8	0
291	8	0
292	8	0
293	8	0
294	8	0
295	8	0
296	8	0
297	8	0
298	8	0
299	8	0
300	8	0
301	8	0
302	8	0
303	8	0
304	8	0
305	8	0
306	8	0
307	8	0
308	8	0
309	8	0
310	8	0
311	8	0
312	8	0
313	8	0
314	8	0
315	8	0
316	8	0
317	8	0
318	8	0
319	8	0
320	8	0
321	16	0
322	16	0
323	16	0
324	16	0
325	16	0
326	16	0
327	16	0
328	16	0
329	16	0
330	16	0
331	16	0
332	16	0
333	16	0
334	16	0
335	16	0
336	16	0
337	16	0
338	16	0
339	16	0
340	16	0
341	16	0
342	16	0
343	16	0
344	16	0
345	16	0
346	16	0
347	16	0
348	16	0
349	16	0
350	16	0
351	16	0
352	16	0
353	16	0
354	16	0
355	16	0
356	16	0
357	16	0
358	16	0
359	16	0
360	16	0
361	16	0
362	16	0
363	16	0
364	16	0
365	16	0
366	16	0
367	16	0
368	16	0
369	16	0
370	16	0
371	16	0
372	16	0
373	16	0
374	16	0
375	16	0
376	16	0
377	16	0
378	16	0
379	16	0
380	16	0
381	16	0
382	16	0
383	16	0
384	16	0
385	16	0
386	16	0
387	16	0
388	16	0
389	16	0
390	16	0
391	16	0
392	16	0
393	16	0
394	16	0
395	16	0
396	16	0
397	16	0
398	16	0
399	16	0
400	16	0
401	32	0
402	32	0
403	31	0
404	31	0
405	31	0
406	31	0
407	31	0
408	31	0
409	31	0
410	31	0
411	31	0
412	31	0
413	31	0
414	31	0
415	31	0
416	31	0
417	31	0
418	31	0
419	31	0
420	31	0
421	31	0
422	31	0
423	31	0
424	30	0
425	30	0
426	30	0
427	30	0
428	30	0
429	30	0
430	30	0
431	30	0
432	30	0
433	30	0
434	30	0
435	30	0
436	30	0
437	30	0
438	30	0
439	30	0
440	30	0
441	30	0
442	30	0
443	30	0
444	30	0
445	30	0
446	30	0
447	30	0
448	30	0
449	30	0
450	30	0
451	30	0
452	30	0
453	30	0
454	30	0
455	30	0
456	30	0
457	30	0
458	30	0
459	30	0
460	30	0
461	30	0
462	30	0
463	30	0
464	30	0
465	30	0
466	30	0
467	30	0
468	30	0
469	30	0
470	30	0
471	30	0
472	30	0
473	30	0
474	30	0
475	30	0
476	30	0
477	30	0
478	30	0
479	30	0
480	30	0
481	60	0
482	60	0
483	60	0
484	60	0
485	60	0
486	60	0
487	60	0
488	60	0
489	60	0
490	60	0
491	60	0
492	60	0
493	60	0
494	60	0
495	60	0
496	60	0
497	60	0
498	60	0
499	60	0
500	60	0
501	60	0
502	60	0
503	60	0
504	60	0
505	60	0
506	60	0
507	60	0
508	60	0
509	60	0
510	60	0
511	60	0
512	60	0
513	60	0
514	60	0
515	60	0
516	60	0
517	60	0
518	60	0
519	60	0
520	60	0
521	60	0
522	60	0
523	60	0
524	60	0
525	60	0
526	60	0
527	60	0
528	60	0
529	60	0
530	60	0
531	60	0
532	60	0
533	60	0
534	60	0
535	60	0
536	60	0
537	60	0
538	60	0
539	60	0
540	60	0
541	60	0
542	60	0
543	60	0
544	60	0
545	60	0
546	60	0
547	60	0
548	60	0
549	60	0
550	60	0
551	60	0
552	60	0
553	60	0
554	60	0
555	60	0
556	60	0
557	60	0
558	60	0
559	60	0
560	60	0
561	120	0
562	120	0
563	120	0
564	120	0
565	120	0
566	120	0
567	120	0
568	120	0
569	120	0
570	120	0
571	120	0
572	120	0
573	120	0
574	120	0
575	120	0
576	120	0
577	120	0
578	120	0
579	120	0
580	120	0
581	120	0
582	120	0
583	120	0
584	120	0
585	120	0
586	120	0
587	120	0
588	120	0
589	120	0
590	120	0
591	120	0
592	120	0
593	120	0
594	120	0
595	120	0
596	120	0
597	120	0
598	120	0
599	120	0
600	120	0
601	120	0
602	120	0
603	120	0
604	120	0
605	120	0
606	120	0
607	120	0
608	120	0
609	120	0
610	120	0
611	120	0
612	120	0
613	120	0
614	120	0
615	120	0
616	120	0
617	120	0
618	120	0
619	120	0
620	120	0
621	120	0
622	120	0
623	120	0
624	120	0
625	120	0
626	120	0
627	120	0
628	120	0
629	120	0
630	120	0
631	120	0
632	120	0
633	120	0
634	120	0
635	120	0
636	120	0
637	120	0
638	120	0
639	120	0
640	120	0
641	238	0
642	238	0
643	238	0
644	238	0
645	238	0
646	238	0
647	238	0
648	238	0
649	238	0
650	238	0
651	238	0
652	238	0
653	238	0
654	238	0
655	238	0
656	238	0
657	238	0
658	238	0
659	238	0
660	238	0
661	238	0
662	238	0
663	238	0
664	238	0
665	238	0
666	238	0
667	238	0
668	238	0
669	238	0
670	238	0
671	238	0
672	238	0
673	238	0
674	238	0
675	238	0
676	240	0
677	240	0
678	240	0
679	240	0
680	240	0
681	240	0
682	240	0
683	240	0
684	240	0
685	240	0
686	240	0
687	240	0
688	240	0
689	240	0
690	240	0
691	240	0
692	240	0
693	240	0
694	240	0
695	240	0
696	240	0
697	240	0
698	240	0
699	240	0
700	240	0
701	240	0
702	240	0
703	240	0
704	240	0
705	240	0
706	240	0
707	240	0
708	240	0
709	240	0
710	240	0
711	240	0
712	240	0
713	240	0
714	240	0
715	240	0
716	240	0
717	240	0
718	240	0
719	240	0
720	240	0
721	470	0
722	470	0
723	470	0
724	470	0
725	470	0
726	470	0
727	470	0
728	470	0
729	472	0
730	472	0
731	472	0
732	472	0
733	472	0
734	472	0
735	472	0
736	472	0
737	472	0
738	472	0
739	474	0
740	476	0
741	476	0
742	476	0
743	476	0
744	476	0
745	476	0
746	476	0
747	476	0
748	476	0
749	476	0
750	476	0
751	476	0
752	476	0
753	476	0
754	476	0
755	476	0
756	476	0
757	476	0
758	476	0
759	476	0
760	476	0
761	476	0
762	476	0
763	476	0
764	476	0
765	476	0
766	476	0
767	476	0
768	476	0
769	476	0
770	476	0
771	476	0
772	476	0
773	476	0
774	476	0
775	476	0
776	476	0
777	476	0
778	476	0
779	476	0
780	476	0
781	476	0
782	476	0
783	476	0
784	476	0
785	476	0
786	476	0
787	476	0
788	476	0
789	476	0
790	476	0
791	480	0
792	480	0
793	480	0
794	480	0
795	480	0
796	480	0
797	480	0
798	480	0
799	480	0
800	480	0
801	936	0
802	936	0
803	936	0
804	936	0
805	936	0
806	936	0
807	936	0
808	936	0
809	936	0
810	936	0
811	936	0
812	938	0
813	938	0
814	938	0
815	938	0
816	938	0
817	942	0
818	942	0
819	942	0
820	942	0
821	944	0
822	944	0
823	944	0
824	944	0
825	944	0
826	944	0
827	944	0
828	944	0
829	944	0
830	944	0
831	944	0
832	944	0
833	944	0
834	944	0
835	944	0
836	944	0
837	948	0
838	948	0
839	952	0
840	952	0
841	952	0
842	952	0
843	952	0
844	952	0
845	952	0
846	952	0
847	952	0
848	952	0
849	952	0
850	952	0
851	952	0
852	952	0
853	952	0
854	952	0
855	952	0
856	952	0
857	952	0
858	952	0
859	952	0
860	952	0
861	952	0
862	952	0
863	952	0
864	952	0
865	952	0
866	952	0
867	952	0
868	952	0
869	952	0
870	952	0
871	952	0
872	952	0
873	952	0
874	952	0
875	952	0
876	952	0
877	952	0
878	952	0
879	952	0
880	952	0
881	1856	0
882	1856	0
883	1856	0
884	1856	0
885	1856	0
886	1858	0
887	1858	0
888	1858	0
889	1858	0
890	1858	0
891	1858	0
892	1858	0
893	1858	0
894	1858	0
895	1858	0
896	1858	0
897	1858	0
898	1858	0
899	1858	0
900	1858	0
901	1858	0
902	1858	0
903	1864	0
904	1864	0
905	1872	0
906	1880	0
907	1880	0
908	1880	0
909	1880	0
910	1880	0
911	1880	0
912	1880	0
913	1882	0
914	1882	0
915	1882	0
916	1882	0
917	1882	0
918	1882	0
919	1882	0
920	1884	0
921	1888	0
922	1888	0
923	1888	0
924	1888	0
925	1888	0
926	1888	0
927	1888	0
928	1888	0
929	1888	0
930	1888	0
931	1888	0
932	1888	0
933	1888	0
934	1888	0
935	1896	0
936	1896	0
937	1896	0
938	1904	0
939	1904	0
940	1904	0
941	1904	0
942	1904	0
943	1904	0
944	1904	0
945	1904	0
946	1904	0
947	1904	0
948	1904	0
949	1904	0
950	1904	0
951	1904	0
952	1904	0
953	1904	0
954	1904	0
955	1904	0
956	1904	0
957	1904	0
958	1904	0
959	1904	0
960	1904	0
961	3700	0
962	3700	0
963	3700	0
964	3700	0
965	3700	0
966	3700	0
967	3699	0
968	3701	0
969	3701	0
970	3701	0
971	3705	0
972	3705	0
973	3705	0
974	3705	0
975	3707	0
976	3707	0
977	3707	0
978	3707	0
979	3707	0
980	3707	0
981	3707	0
982	3707	0
983	3707	0
984	3707	0
985	3707	0
986	3707	0
987	3707	0
988	3707	0
989	3707	0
990	3707	0
991	3709	0
992	3709	0
993	3725	0
994	3733	0
995	3733	0
996	3735	0
997	3735	0
998	3735	0
999	3735	0
1000	3735	0
1001	3735	0
1002	3735	0
1003	3735	0
1004	3737	0
1005	3741	0
1006	3741	0
1007	3743	0
1008	3743	0
1009	3743	0
1010	3743	0
1011	3743	0
1012	3743	0
1013	3743	0
1014	3743	0
1015	3743	0
1016	3743	0
1017	3743	0
1018	3743	0
1019	3743	0
1020	3743	0
1021	3767	0
1022	3767	0
1023	3767	0
1024	3767	0
1025	3771	0
1026	3771	0
1027	3771	0
1028	3771	0
1029	3771	0
1030	3771	0
1031	3771	0
1032	3771	0
1033	3787	0
1034	3787	0
1035	3787	0
1036	3787	0
1037	3803	0
1038	3803	0
1039	3807	0
1040	3807	0
1041	7359	0
1042	7363	0
1043	7363	0
1044	7363	0
1045	7363	0
1046	7367	0
1047	7367	0
1048	7366	0
1049	7366	0
1050	7366	0
1051	7366	0
1052	7370	0
1053	7372	0
1054	7371	0
1055	7374	0
1056	7382	0
1057	7384	0
1058	7384	0
1059	7384	0
1060	7384	0
1061	7384	0
1062	7385	0
1063	7385	0
1064	7385	0
1065	7385	0
1066	7385	0
1067	7385	0
1068	7384	0
1069	7388	0
1070	7388	0
1071	7388	0
1072	7388	0
1073	7388	0
1074	7388	0
1075	7390	0
1076	7390	0
1077	7392	0
1078	7392	0
1079	7392	0
1080	7392	0
1081	7424	0
1082	7426	0
1083	7426	0
1084	7426	0
1085	7442	0
1086	7442	0
1087	7442	0
1088	7442	0
1089	7442	0
1090	7442	0
1091	7444	0
1092	7450	0
1093	7450	0
1094	7450	0
1095	7452	0
1096	7452	0
1097	7452	0
1098	7452	0
1099	7454	0
1100	7454	0
1101	7456	0
1102	7456	0
1103	7456	0
1104	7456	0
1105	7456	0
1106	7456	0
1107	7464	0
1108	7464	0
1109	7464	0
1110	7464	0
1111	7468	0
1112	7468	0
1113	7468	0
1114	7468	0
1115	7468	0
1116	7468	0
1117	7468	0
1118	7468	0
1119	7468	0
1120	7470	0
1121	14524	0
1122	14528	0
1123	14537	0
1124	14536	0
1125	14536	0
1126	14540	0
1127	14544	0
1128	14544	0
1129	14546	0
1130	14546	0
1131	14586	0
1132	14586	0
1133	14590	0
1134	14590	0
1135	14590	0
1136	14654	0
1137	14662	0
1138	14663	0
1139	14663	0
1140	14663	0
1141	14675	0
1142	14683	0
1143	14691	0
1144	14695	0
1145	14701	0
1146	14701	0
1147	14701	0
1148	14703	0
1149	14703	0
1150	14708	0
1151	14714	0
1152	14716	0
1153	14722	0
1154	14724	0
1155	14724	0
1156	14726	0
1157	14726	0
1158	14736	0
1159	14736	0
1160	14736	0
1161	14740	0
1162	14742	0
1163	14754	0
1164	14754	0
1165	14756	0
1166	14758	0
1167	14758	0
1168	14762	0
1169	14828	0
1170	14828	0
1171	14828	0
1172	14828	0
1173	14830	0
1174	14830	0
1175	14830	0
1176	14860	0
1177	14860	0
1178	14863	0
1179	14863	0
1180	14863	0
1181	14863	0
1182	14863	0
1183	14863	0
1184	14863	0
1185	14863	0
1186	14863	0
1187	14863	0
1188	14863	0
1189	14867	0
1190	14867	0
1191	14867	0
1192	14867	0
1193	14871	0
1194	14871	0
1195	14871	0
1196	14871	0
1197	14871	0
1198	14871	0
1199	14875	0
1200	14875	0
1201	28831	0
1202	28835	0
1203	28850	0
1204	28868	0
1205	28870	0
1206	28872	0
1207	28874	0
1208	28875	0
1209	28892	0
1210	28894	0
1211	28905	0
1212	28905	0
1213	28907	0
1214	28906	0
1215	28908	0
1216	28928	0
1217	28933	0
1218	28936	0
1219	28937	0
1220	28941	0
1221	28975	0
1222	28976	0
1223	28990	0
1224	28994	0
1225	29000	0
1226	29032	0
1227	29038	0
1228	29036	0
1229	29124	0
1230	29130	0
1231	29130	0
1232	29132	0
1233	29132	0
1234	29150	0
1235	29220	0
1236	29224	0
1237	29238	0
1238	29240	0
1239	29242	0
1240	29242	0
1241	29248	0
1242	29250	0
1243	29252	0
1244	29254	0
1245	29254	0
1246	29264	0
1247	29272	0
1248	29274	0
1249	29300	0
1250	29308	0
1251	29371	0
1252	29371	0
1253	29371	0
1254	29373	0
1255	29377	0
1256	29379	0
1257	29525	0
1258	29527	0
1259	29551	0
1260	29551	0
1261	29555	0
1262	29555	0
1263	29559	0
1264	29567	0
1265	29567	0
1266	29567	0
1267	29627	0
1268	29627	0
1269	29631	0
1270	29631	0
1271	29637	0
1272	29637	0
1273	29637	0
1274	29637	0
1275	29639	0
1276	29639	0
1277	29653	0
1278	29653	0
1279	29653	0
1280	29653	0
1281	57303	0
1282	57306	0
1283	57319	0
1284	57334	0
1285	57380	0
1286	57385	0
1287	57400	0
1288	57404	0
1289	57412	0
1290	57417	0
1291	57422	0
1292	57424	0
1293	57443	0
1294	57448	0
1295	57465	0
1296	57481	0
1297	57497	0
1298	57502	0
1299	57505	0
1300	57511	0
1301	57547	0
1302	57553	0
1303	57569	0
1304	57568	0
1305	57586	0
1306	57596	0
1307	57602	0
1308	57606	0
1309	57619	0
1310	57622	0
1311	57713	0
1312	57725	0
1313	57739	0
1314	57737	0
1315	57761	0
1316	57799	0
1317	57805	0
1318	57811	0
1319	57823	0
1320	57829	0
1321	57901	0
1322	57901	0
1323	57909	0
1324	57919	0
1325	57957	0
1326	57959	0
1327	58093	0
1328	58097	0
1329	58122	0
1330	58126	0
1331	58132	0
1332	58142	0
1333	58158	0
1334	58286	0
1335	58289	0
1336	58295	0
1337	58306	0
1338	58311	0
1339	58329	0
1340	58337	0
1341	58369	0
1342	58369	0
1343	58375	0
1344	58375	0
1345	58647	0
1346	58647	0
1347	58651	0
1348	58653	0
1349	58657	0
1350	58673	0
1351	58719	0
1352	58719	0
1353	58725	0
1354	58751	0
1355	58755	0
1356	58755	0
1357	58761	0
1358	58873	0
1359	58875	0
1360	58875	0
1361	113666	0
1362	113682	0
1363	113704	0
1364	113724	0
1365	113794	0
1366	113988	0
1367	114024	0
1368	114053	0
1369	114084	0
1370	114101	0
1371	114119	0
1372	114123	0
1373	114157	0
1374	114169	0
1375	114195	0
1376	114208	0
1377	114221	0
1378	114232	0
1379	114277	0
1380	114294	0
1381	114335	0
1382	114351	0
1383	114366	0
1384	114373	0
1385	114421	0
1386	114506	0
1387	114528	0
1388	114546	0
1389	114559	0
1390	114566	0
1391	114583	0
1392	114598	0
1393	114654	0
1394	114657	0
1395	114684	0
1396	114805	0
1397	114835	0
1398	114841	0
1399	114862	0
1400	114875	0
1401	114913	0
1402	114918	0
1403	115006	0
1404	115023	0
1405	115048	0
1406	115070	0
1407	115078	0
1408	115084	0
1409	115110	0
1410	115117	0
1411	115149	0
1412	115171	0
1413	115257	0
1414	115263	0
1415	115286	0
1416	115366	0
1417	115396	0
1418	115424	0
1419	115440	0
1420	115453	0
1421	115606	0
1422	115622	0
1423	115646	0
1424	115654	0
1425	115924	0
1426	115924	0
1427	115948	0
1428	115956	0
1429	115982	0
1430	115998	0
1431	116026	0
1432	116026	0
1433	116802	0
1434	116802	0
1435	116814	0
1436	116846	0
1437	116864	0
1438	116864	0
1439	116896	0
1440	116896	0
1441	225288	0
1442	225288	0
1443	225326	0
1444	225356	0
1445	225509	0
1446	225590	0
1447	225763	0
1448	225803	0
1449	226098	0
1450	226134	0
1451	226188	0
1452	226224	0
1453	226332	0
1454	226360	0
1455	226389	0
1456	226452	0
1457	226482	0
1458	226495	0
1459	226546	0
1460	226573	0
1461	226614	0
1462	226649	0
1463	226677	0
1464	226696	0
1465	226794	0
1466	226906	0
1467	226936	0
1468	226965	0
1469	227053	0
1470	227077	0
1471	227241	0
1472	227259	0
1473	227378	0
1474	227407	0
1475	227467	0
1476	227490	0
1477	227670	0
1478	227695	0
1479	227758	0
1480	227794	0
1481	228353	0
1482	228368	0
1483	228427	0
1484	228443	0
1485	228551	0
1486	228589	0
1487	228622	0
1488	228634	0
1489	228712	0
1490	228860	0
1491	228911	0
1492	228951	0
1493	228998	0
1494	229013	0
1495	229075	0
1496	229123	0
1497	229188	0
1498	229247	0
1499	229298	0
1500	229318	0
1501	229393	0
1502	229395	0
1503	229425	0
1504	229449	0
1505	229497	0
1506	229497	0
1507	229663	0
1508	229663	0
1509	229727	0
1510	229741	0
1511	229777	0
1512	229779	0
1513	229917	0
1514	229917	0
1515	230103	0
1516	230143	0
1517	230215	0
1518	230233	0
1519	230281	0
1520	230291	0
1521	446155	0
1522	446197	0
1523	446723	0
1524	446788	0
1525	446948	0
1526	447080	0
1527	447297	0
1528	447576	0
1529	447694	0
1530	447736	0
1531	447960	0
1532	448477	0
1533	448751	0
1534	448842	0
1535	448930	0
1536	449003	0
1537	449223	0
1538	449242	0
1539	449514	0
1540	450000	0
1541	450233	0
1542	450286	0
1543	450396	0
1544	450445	0
1545	450582	0
1546	450669	0
1547	450752	0
1548	450820	0
1549	450947	0
1550	450988	0
1551	451284	0
1552	451338	0
1553	451513	0
1554	451559	0
1555	451654	0
1556	452024	0
1557	452240	0
1558	452279	0
1559	452394	0
1560	452455	0
1561	452556	0
1562	452596	0
1563	452733	0
1564	452760	0
1565	452875	0
1566	453359	0
1567	453518	0
1568	453565	0
1569	453789	0
1570	453823	0
1571	453935	0
1572	454022	0
1573	454164	0
1574	454195	0
1575	454285	0
1576	454351	0
1577	454724	0
1578	454792	0
1579	454888	0
1580	454921	0
1581	455111	0
1582	455131	0
1583	455157	0
1584	455195	0
1585	455459	0
1586	455559	0
1587	455618	0
1588	455634	0
1589	455776	0
1590	455806	0
1591	455946	0
1592	455947	0
1593	456059	0
1594	456071	0
1595	456121	0
1596	456783	0
1597	456890	0
1598	457146	0
1599	457200	0
1600	457209	0
1601	882199	0
1602	882288	0
1603	882439	0
1604	882519	0
1605	882975	0
1606	883234	0
1607	883591	0
1608	883941	0
1609	886744	0
1610	886855	0
1611	887154	0
1612	887215	0
1613	887620	0
1614	887719	0
1615	887973	0
1616	888300	0
1617	888889	0
1618	888981	0
1619	889391	0
1620	889441	0
1621	891208	0
1622	891344	0
1623	891594	0
1624	891679	0
1625	892036	0
1626	892361	0
1627	892561	0
1628	892766	0
1629	893095	0
1630	893153	0
1631	895442	0
1632	895536	0
1633	896125	0
1634	896393	0
1635	896604	0
1636	897040	0
1637	897586	0
1638	897699	0
1639	897917	0
1640	898061	0
1641	898971	0
1642	899042	0
1643	899277	0
1644	899383	0
1645	899684	0
1646	899917	0
1647	900130	0
1648	900194	0
1649	900570	0
1650	900670	0
1651	901719	0
1652	901862	0
1653	902119	0
1654	902174	0
1655	902472	0
1656	902628	0
1657	903060	0
1658	903227	0
1659	903513	0
1660	903586	0
1661	904052	0
1662	904068	0
1663	904130	0
1664	904710	0
1665	904876	0
1666	905104	0
1667	905262	0
1668	905421	0
1669	905618	0
1670	905694	0
1671	905910	0
1672	905911	0
1673	906252	0
1674	906277	0
1675	906322	0
1676	906519	0
1677	906715	0
1678	906721	0
1679	906835	0
1680	906869	0
1681	1748506	0
1682	1748569	0
1683	1748945	0
1684	1749135	0
1685	1749747	0
1686	1750298	0
1687	1750962	0
1688	1751425	0
1689	1752969	0
1690	1754170	0
1691	1754844	0
1692	1755002	0
1693	1755752	0
1694	1755889	0
1695	1756666	0
1696	1757168	0
1697	1762514	0
1698	1762713	0
1699	1763172	0
1700	1763359	0
1701	1764336	0
1702	1764630	0
1703	1765207	0
1704	1765364	0
1705	1766326	0
1706	1766736	0
1707	1767130	0
1708	1767373	0
1709	1768126	0
1710	1768263	0
1711	1770294	0
1712	1770531	0
1713	1770946	0
1714	1771182	0
1715	1771735	0
1716	1772158	0
1717	1773097	0
1718	1773291	0
1719	1775995	0
1720	1776467	0
1721	1778837	0
1722	1780683	0
1723	1781577	0
1724	1781786	0
1725	1782415	0
1726	1784029	0
1727	1784899	0
1728	1785050	0
1729	1785978	0
1730	1788212	0
1731	1788709	0
1732	1788964	0
1733	1789582	0
1734	1789761	0
1735	1790280	0
1736	1792069	0
1737	1792684	0
1738	1793013	0
1739	1793450	0
1740	1793555	0
1741	1794290	0
1742	1794455	0
1743	1794635	0
1744	1794881	0
1745	1795785	0
1746	1795943	0
1747	1796528	0
1748	1796599	0
1749	1796915	0
1750	1797139	0
1751	1798516	0
1752	1798530	0
1753	1799542	0
1754	1799615	0
1755	1799752	0
1756	1800159	0
1757	1800890	0
1758	1800898	0
1759	1801441	0
1760	1801521	0
1761	3468081	0
1762	3467892	0
1763	3467734	0
1764	3467571	0
1765	3467435	0
1766	3467323	0
1767	3467209	0
1768	3467118	0
1769	3467024	0
1770	3466939	0
1771	3466847	0
1772	6810158	0
1773	13547197	0
1774	26905723	0
