Time	ANT1	ANT2	ANT3	ANT4	ANT5	ANT6	ANT7	ANT8	ANT9	ANT10
1	0	0	0	0	0	0	0	0	0	0
2	0	0	0	0	0	0	0	0	0	0
3	0	0	0	0	0	0	0	0	0	0
4	0	0	0	0	0	0	0	0	0	0
5	0	0	0	0	0	0	0	0	0	0
6	0	0	0	0	0	0	0	0	0	0
7	0	0	0	0	0	0	0	0	0	0
8	0	0	0	0	0	0	0	0	0	0
9	0	0	0	0	0	0	0	0	0	0
10	0	0	0	0	0	0	0	0	0	0
11	0	0	0	0	0	0	0	0	0	0
12	0	0	0	0	0	0	0	0	0	0
13	0	0	0	0	0	0	0	0	0	0
14	0	0	0	0	0	0	0	0	0	0
15	0	0	0	0	0	0	0	0	0	0
16	0	0	0	0	0	0	0	0	0	0
17	0	0	0	0	0	0	0	0	0	0
18	0	0	0	0	0	0	0	0	0	0
19	0	0	0	0	0	0	0	0	0	0
20	0	0	0	0	0	0	0	0	0	0
21	0	0	0	0	0	0	0	0	0	0
22	0	0	0	0	0	0	0	0	0	0
23	0	0	0	0	0	0	0	0	0	0
24	0	0	0	0	0	0	0	0	0	0
25	0	0	0	0	0	0	0	0	0	0
26	0	0	0	0	0	0	0	0	0	0
27	0	0	0	0	0	0	0	0	0	0
28	0	0	0	0	0	0	0	0	0	0
29	0	0	0	0	0	0	0	0	0	0
30	0	0	0	0	0	0	0	0	0	0
31	0	0	0	0	0	0	0	0	0	0
32	0	0	0	0	0	0	0	0	0	0
33	0	0	0	0	0	0	0	0	0	0
34	0	0	0	0	0	0	0	0	0	0
35	0	0	0	0	0	0	0	0	0	0
36	0	0	0	0	0	0	0	0	0	0
37	0	0	0	0	0	0	0	0	0	0
38	0	0	0	0	0	0	0	0	0	0
39	0	0	0	0	0	0	0	0	0	0
40	0	0	0	0	0	0	0	0	0	0
41	0	0	0	0	0	0	0	0	0	0
42	0	0	0	0	0	0	0	0	0	0
43	0	0	0	0	0	0	0	0	0	0
44	0	0	0	0	0	0	0	0	0	0
45	0	0	0	0	0	0	0	0	0	0
46	0	0	0	0	0	0	0	0	0	0
47	0	0	0	0	0	0	0	0	0	0
48	0	0	0	0	0	0	0	0	0	0
49	0	0	0	0	0	0	0	0	0	0
50	0	0	0	0	0	0	0	0	0	0
51	0	0	0	0	0	0	0	0	0	0
52	0	0	0	0	0	0	0	0	0	0
53	0	0	0	0	0	0	0	0	0	0
54	0	0	0	0	0	0	0	0	0	0
55	0	0	0	0	0	0	0	0	0	0
56	0	0	0	0	0	0	0	0	0	0
57	0	0	0	0	0	0	0	0	0	0
58	0	0	0	0	0	0	0	0	0	0
59	0	0	0	0	0	0	0	0	0	0
60	0	0	0	0	0	0	0	0	0	0
61	0	0	0	0	0	0	0	0	0	0
62	0	0	0	0	0	0	0	0	0	0
63	0	0	0	0	0	0	0	0	0	0
64	0	0	0	0	0	0	0	0	0	0
65	0	0	0	0	0	0	0	0	0	0
66	0	0	0	0	0	0	0	0	0	0
67	0	0	0	0	0	0	0	0	0	0
68	0	0	0	0	0	0	0	0	0	0
69	0	0	0	0	0	0	0	0	0	0
70	0	0	0	0	0	0	0	0	0	0
71	0	0	0	0	0	0	0	0	0	0
72	0	0	0	0	0	0	0	0	0	0
73	0	0	0	0	0	0	0	0	0	0
74	0	0	0	0	0	0	0	0	0	0
75	0	0	0	0	0	0	0	0	0	0
76	0	0	0	0	0	0	0	0	0	0
77	0	0	0	0	0	0	0	0	0	0
78	0	0	0	0	0	0	0	0	0	0
79	0	0	0	0	0	0	0	0	0	0
80	0	0	0	0	0	0	0	0	0	0
81	0	0	0	0	0	0	0	0	0	0
82	0	0	0	0	0	0	0	0	0	0
83	0	0	0	0	0	0	0	0	0	0
84	0	0	0	0	0	0	0	0	0	0
85	0	0	0	0	0	0	0	0	0	0
86	0	0	0	0	0	0	0	0	0	0
87	0	0	0	0	0	0	0	0	0	0
88	0	0	0	0	0	0	0	0	0	0
89	0	0	0	0	0	0	0	0	0	0
90	0	0	0	0	0	0	0	0	0	0
91	0	0	0	0	0	0	0	0	0	0
92	0	0	0	0	0	0	0	0	0	0
93	0	0	0	0	0	0	0	0	0	0
94	0	0	0	0	0	0	0	0	0	0
95	0	0	0	0	0	0	0	0	0	0
96	0	0	0	0	0	0	0	0	0	0
97	0	0	0	0	0	0	0	0	0	0
98	0	0	0	0	0	0	0	0	0	0
99	0	0	0	0	0	0	0	0	0	0
100	0	0	0	0	0	0	0	0	0	0
101	0	0	0	0	0	0	0	0	0	0
102	0	0	0	0	0	0	0	0	0	0
103	0	0	0	0	0	0	0	0	0	0
104	0	0	0	0	0	0	0	0	0	0
105	0	0	0	0	0	0	0	0	0	0
106	0	0	0	0	0	0	0	0	0	0
107	0	0	0	0	0	0	0	0	0	0
108	0	0	0	0	0	0	0	0	0	0
109	0	0	0	0	0	0	0	0	0	0
110	0	0	0	0	0	0	0	0	0	0
111	0	0	0	0	0	0	0	0	0	0
112	0	0	0	0	0	0	0	0	0	0
113	0	0	0	0	0	0	0	0	0	0
114	0	0	0	0	0	0	0	0	0	0
115	0	0	0	0	0	0	0	0	0	0
116	0	0	0	0	0	0	0	0	0	0
117	0	0	0	0	0	0	0	0	0	0
118	0	0	0	0	0	0	0	0	0	0
119	0	0	0	0	0	0	0	0	0	0
120	0	0	0	0	0	0	0	0	0	0
121	0	0	0	0	0	0	0	0	0	0
122	0	0	0	0	0	0	0	0	0	0
123	0	0	0	0	0	0	0	0	0	0
124	0	0	0	0	0	0	0	0	0	0
125	0	0	0	0	0	0	0	0	0	0
126	0	0	0	0	0	0	0	0	0	0
127	0	0	0	0	0	0	0	0	0	0
128	0	0	0	0	0	0	0	0	0	0
129	0	0	0	0	0	0	0	0	0	0
130	0	0	0	0	0	0	0	0	0	0
131	0	0	0	0	0	0	0	0	0	0
132	0	0	0	0	0	0	0	0	0	0
133	0	0	0	0	0	0	0	0	0	0
134	0	0	0	0	0	0	0	0	0	0
135	0	0	0	0	0	0	0	0	0	0
136	0	0	0	0	0	0	0	0	0	0
137	0	0	0	0	0	0	0	0	0	0
138	0	0	0	0	0	0	0	0	0	0
139	0	0	0	0	0	0	0	0	0	0
140	0	0	0	0	0	0	0	0	0	0
141	0	0	0	0	0	0	0	0	0	0
142	0	0	0	0	0	0	0	0	0	0
143	0	0	0	0	0	0	0	0	0	0
144	0	0	0	0	0	0	0	0	0	0
145	0	0	0	0	0	0	0	0	0	0
146	0	0	0	0	0	0	0	0	0	0
147	0	0	0	0	0	0	0	0	0	0
148	0	0	0	0	0	0	0	0	0	0
149	0	0	0	0	0	0	0	0	0	0
150	0	0	0	0	0	0	0	0	0	0
151	0	0	0	0	0	0	0	0	0	0
152	0	0	0	0	0	0	0	0	0	0
153	0	0	0	0	0	0	0	0	0	0
154	0	0	0	0	0	0	0	0	0	0
155	0	0	0	0	0	0	0	0	0	0
156	0	0	0	0	0	0	0	0	0	0
157	0	0	0	0	0	0	0	0	0	0
158	0	0	0	0	0	0	0	0	0	0
159	0	0	0	0	0	0	0	0	0	0
160	0	0	0	0	0	0	0	0	0	0
161	0	0	0	0	0	0	0	0	0	0
162	0	0	0	0	0	0	0	0	0	0
163	0	0	0	0	0	0	0	0	0	0
164	0	0	0	0	0	0	0	0	0	0
165	0	0	0	0	0	0	0	0	0	0
166	0	0	0	0	0	0	0	0	0	0
167	0	0	0	0	0	0	0	0	0	0
168	0	0	0	0	0	0	0	0	0	0
169	0	0	0	0	0	0	0	0	0	0
170	0	0	0	0	0	0	0	0	0	0
171	0	0	0	0	0	0	0	0	0	0
172	0	0	0	0	0	0	0	0	0	0
173	0	0	0	0	0	0	0	0	0	0
174	0	0	0	0	0	0	0	0	0	0
175	0	0	0	0	0	0	0	0	0	0
176	0	0	0	0	0	0	0	0	0	0
177	0	0	0	0	0	0	0	0	0	0
178	0	0	0	0	0	0	0	0	0	0
179	0	0	0	0	0	0	0	0	0	0
180	0	0	0	0	0	0	0	0	0	0
181	0	0	0	0	0	0	0	0	0	0
182	0	0	0	0	0	0	0	0	0	0
183	0	0	0	0	0	0	0	0	0	0
184	0	0	0	0	0	0	0	0	0	0
185	0	0	0	0	0	0	0	0	0	0
186	0	0	0	0	0	0	0	0	0	0
187	0	0	0	0	0	0	0	0	0	0
188	0	0	0	0	0	0	0	0	0	0
189	0	0	0	0	0	0	0	0	0	0
190	0	0	0	0	0	0	0	0	0	0
191	0	0	0	0	0	0	0	0	0	0
192	0	0	0	0	0	0	0	0	0	0
193	0	0	0	0	0	0	0	0	0	0
194	0	0	0	0	0	0	0	0	0	0
195	0	0	0	0	0	0	0	0	0	0
196	0	0	0	0	0	0	0	0	0	0
197	0	0	0	0	0	0	0	0	0	0
198	0	0	0	0	0	0	0	0	0	0
199	0	0	0	0	0	0	0	0	0	0
200	0	0	0	0	0	0	0	0	0	0
201	0	0	0	0	0	0	0	0	0	0
202	0	0	0	0	0	0	0	0	0	0
203	0	0	0	0	0	0	0	0	0	0
204	0	0	0	0	0	0	0	0	0	0
205	0	0	0	0	0	0	0	0	0	0
206	0	0	0	0	0	0	0	0	0	0
207	0	0	0	0	0	0	0	0	0	0
208	0	0	0	0	0	0	0	0	0	0
209	0	0	0	0	0	0	0	0	0	0
210	0	0	0	0	0	0	0	0	0	0
211	0	0	0	0	0	0	0	0	0	0
212	0	0	0	0	0	0	0	0	0	0
213	0	0	0	0	0	0	0	0	0	0
214	0	0	0	0	0	0	0	0	0	0
215	0	0	0	0	0	0	0	0	0	0
216	0	0	0	0	0	0	0	0	0	0
217	0	0	0	0	0	0	0	0	0	0
218	0	0	0	0	0	0	0	0	0	0
219	0	0	0	0	0	0	0	0	0	0
220	0	0	0	0	0	0	0	0	0	0
221	0	0	0	0	0	0	0	0	0	0
222	0	0	0	0	0	0	0	0	0	0
223	0	0	0	0	0	0	0	0	0	0
224	0	0	0	0	0	0	0	0	0	0
225	0	0	0	0	0	0	0	0	0	0
226	0	0	0	0	0	0	0	0	0	0
227	0	0	0	0	0	0	0	0	0	0
228	0	0	0	0	0	0	0	0	0	0
229	0	0	0	0	0	0	0	0	0	0
230	0	0	0	0	0	0	0	0	0	0
231	0	0	0	0	0	0	0	0	0	0
232	0	0	0	0	0	0	0	0	0	0
233	0	0	0	0	0	0	0	0	0	0
234	0	0	0	0	0	0	0	0	0	0
235	0	0	0	0	0	0	0	0	0	0
236	0	0	0	0	0	0	0	0	0	0
237	0	0	0	0	0	0	0	0	0	0
238	0	0	0	0	0	0	0	0	0	0
239	0	0	0	0	0	0	0	0	0	0
240	0	0	0	0	0	0	0	0	0	0
241	0	0	0	0	0	0	0	0	0	0
242	0	0	0	0	0	0	0	0	0	0
243	0	0	0	0	0	0	0	0	0	0
244	0	0	0	0	0	0	0	0	0	0
245	0	0	0	0	0	0	0	0	0	0
246	0	0	0	0	0	0	0	0	0	0
247	0	0	0	0	0	0	0	0	0	0
248	0	0	0	0	0	0	0	0	0	0
249	0	0	0	0	0	0	0	0	0	0
250	0	0	0	0	0	0	0	0	0	0
251	0	0	0	0	0	0	0	0	0	0
252	0	0	0	0	0	0	0	0	0	0
253	0	0	0	0	0	0	0	0	0	0
254	0	0	0	0	0	0	0	0	0	0
255	0	0	0	0	0	0	0	0	0	0
256	0	0	0	0	0	0	0	0	0	0
257	0	0	0	0	0	0	0	0	0	0
258	0	0	0	0	0	0	0	0	0	0
259	0	0	0	0	0	0	0	0	0	0
260	0	0	0	0	0	0	0	0	0	0
261	0	0	0	0	0	0	0	0	0	0
262	0	0	0	0	0	0	0	0	0	0
263	0	0	0	0	0	0	0	0	0	0
264	0	0	0	0	0	0	0	0	0	0
265	0	0	0	0	0	0	0	0	0	0
266	0	0	0	0	0	0	0	0	0	0
267	0	0	0	0	0	0	0	0	0	0
268	0	0	0	0	0	0	0	0	0	0
269	0	0	0	0	0	0	0	0	0	0
270	0	0	0	0	0	0	0	0	0	0
271	0	0	0	0	0	0	0	0	0	0
272	0	0	0	0	0	0	0	0	0	0
273	0	0	0	0	0	0	0	0	0	0
274	0	0	0	0	0	0	0	0	0	0
275	0	0	0	0	0	0	0	0	0	0
276	0	0	0	0	0	0	0	0	0	0
277	0	0	0	0	0	0	0	0	0	0
278	0	0	0	0	0	0	0	0	0	0
279	0	0	0	0	0	0	0	0	0	0
280	0	0	0	0	0	0	0	0	0	0
281	0	0	0	0	0	0	0	0	0	0
282	0	0	0	0	0	0	0	0	0	0
283	0	0	0	0	0	0	0	0	0	0
284	0	0	0	0	0	0	0	0	0	0
285	0	0	0	0	0	0	0	0	0	0
286	0	0	0	0	0	0	0	0	0	0
287	0	0	0	0	0	0	0	0	0	0
288	0	0	0	0	0	0	0	0	0	0
289	0	0	0	0	0	0	0	0	0	0
290	0	0	0	0	0	0	0	0	0	0
291	0	0	0	0	0	0	0	0	0	0
292	0	0	0	0	0	0	0	0	0	0
293	0	0	0	0	0	0	0	0	0	0
294	0	0	0	0	0	0	0	0	0	0
295	0	0	0	0	0	0	0	0	0	0
296	0	0	0	0	0	0	0	0	0	0
297	0	0	0	0	0	0	0	0	0	0
298	0	0	0	0	0	0	0	0	0	0
299	0	0	0	0	0	0	0	0	0	0
300	0	0	0	0	0	0	0	0	0	0
301	0	0	0	0	0	0	0	0	0	0
302	0	0	0	0	0	0	0	0	0	0
303	0	0	0	0	0	0	0	0	0	0
304	0	0	0	0	0	0	0	0	0	0
305	0	0	0	0	0	0	0	0	0	0
306	0	0	0	0	0	0	0	0	0	0
307	0	0	0	0	0	0	0	0	0	0
308	0	0	0	0	0	0	0	0	0	0
309	0	0	0	0	0	0	0	0	0	0
310	0	0	0	0	0	0	0	0	0	0
311	0	0	0	0	0	0	0	0	0	0
312	0	0	0	0	0	0	0	0	0	0
313	0	0	0	0	0	0	0	0	0	0
314	0	0	0	0	0	0	0	0	0	0
315	0	0	0	0	0	0	0	0	0	0
316	0	0	0	0	0	0	0	0	0	0
317	0	0	0	0	0	0	0	0	0	0
318	0	0	0	0	0	0	0	0	0	0
319	0	0	0	0	0	0	0	0	0	0
320	0	0	0	0	0	0	0	0	0	0
321	0	0	0	0	0	0	0	0	0	0
322	0	0	0	0	0	0	0	0	0	0
323	0	0	0	0	0	0	0	0	0	0
324	0	0	0	0	0	0	0	0	0	0
325	0	0	0	0	0	0	0	0	0	0
326	0	0	0	0	0	0	0	0	0	0
327	0	0	0	0	0	0	0	0	0	0
328	0	0	0	0	0	0	0	0	0	0
329	0	0	0	0	0	0	0	0	0	0
330	0	0	0	0	0	0	0	0	0	0
331	0	0	0	0	0	0	0	0	0	0
332	0	0	0	0	0	0	0	0	0	0
333	0	0	0	0	0	0	0	0	0	0
334	0	0	0	0	0	0	0	0	0	0
335	0	0	0	0	0	0	0	0	0	0
336	0	0	0	0	0	0	0	0	0	0
337	0	0	0	0	0	0	0	0	0	0
338	0	0	0	0	0	0	0	0	0	0
339	0	0	0	0	0	0	0	0	0	0
340	0	0	0	0	0	0	0	0	0	0
341	0	0	0	0	0	0	0	0	0	0
342	0	0	0	0	0	0	0	0	0	0
343	0	0	0	0	0	0	0	0	0	0
344	0	0	0	0	0	0	0	0	0	0
345	0	0	0	0	0	0	0	0	0	0
346	0	0	0	0	0	0	0	0	0	0
347	0	0	0	0	0	0	0	0	0	0
348	0	0	0	0	0	0	0	0	0	0
349	0	0	0	0	0	0	0	0	0	0
350	0	0	0	0	0	0	0	0	0	0
351	0	0	0	0	0	0	0	0	0	0
352	0	0	0	0	0	0	0	0	0	0
353	0	0	0	0	0	0	0	0	0	0
354	0	0	0	0	0	0	0	0	0	0
355	0	0	0	0	0	0	0	0	0	0
356	0	0	0	0	0	0	0	0	0	0
357	0	0	0	0	0	0	0	0	0	0
358	0	0	0	0	0	0	0	0	0	0
359	0	0	0	0	0	0	0	0	0	0
360	0	0	0	0	0	0	0	0	0	0
361	0	0	0	0	0	0	0	0	0	0
362	0	0	0	0	0	0	0	0	0	0
363	0	0	0	0	0	0	0	0	0	0
364	0	0	0	0	0	0	0	0	0	0
365	0	0	0	0	0	0	0	0	0	0
366	0	0	0	0	0	0	0	0	0	0
367	0	0	0	0	0	0	0	0	0	0
368	0	0	0	0	0	0	0	0	0	0
369	0	0	0	0	0	0	0	0	0	0
370	0	0	0	0	0	0	0	0	0	0
371	0	0	0	0	0	0	0	0	0	0
372	0	0	0	0	0	0	0	0	0	0
373	0	0	0	0	0	0	0	0	0	0
374	0	0	0	0	0	0	0	0	0	0
375	0	0	0	0	0	0	0	0	0	0
376	0	0	0	0	0	0	0	0	0	0
377	0	0	0	0	0	0	0	0	0	0
378	0	0	0	0	0	0	0	0	0	0
379	0	0	0	0	0	0	0	0	0	0
380	0	0	0	0	0	0	0	0	0	0
381	0	0	0	0	0	0	0	0	0	0
382	0	0	0	0	0	0	0	0	0	0
383	0	0	0	0	0	0	0	0	0	0
384	0	0	0	0	0	0	0	0	0	0
385	0	0	0	0	0	0	0	0	0	0
386	0	0	0	0	0	0	0	0	0	0
387	0	0	0	0	0	0	0	0	0	0
388	0	0	0	0	0	0	0	0	0	0
389	0	0	0	0	0	0	0	0	0	0
390	0	0	0	0	0	0	0	0	0	0
391	0	0	0	0	0	0	0	0	0	0
392	0	0	0	0	0	0	0	0	0	0
393	0	0	0	0	0	0	0	0	0	0
394	0	0	0	0	0	0	0	0	0	0
395	0	0	0	0	0	0	0	0	0	0
396	0	0	0	0	0	0	0	0	0	0
397	0	0	0	0	0	0	0	0	0	0
398	0	0	0	0	0	0	0	0	0	0
399	0	0	0	0	0	0	0	0	0	0
400	0	0	0	0	0	0	0	0	0	0
401	0	0	0	0	0	0	0	0	0	0
402	0	0	0	0	0	0	0	0	0	0
403	0	0	0	0	0	0	0	0	0	0
404	0	0	0	0	0	0	0	0	0	0
405	0	0	0	0	0	0	0	0	0	0
406	0	0	0	0	0	0	0	0	0	0
407	0	0	0	0	0	0	0	0	0	0
408	0	0	0	0	0	0	0	0	0	0
409	0	0	0	0	0	0	0	0	0	0
410	0	0	0	0	0	0	0	0	0	0
411	0	0	0	0	0	0	0	0	0	0
412	0	0	0	0	0	0	0	0	0	0
413	0	0	0	0	0	0	0	0	0	0
414	0	0	0	0	0	0	0	0	0	0
415	0	0	0	0	0	0	0	0	0	0
416	0	0	0	0	0	0	0	0	0	0
417	0	0	0	0	0	0	0	0	0	0
418	0	0	0	0	0	0	0	0	0	0
419	0	0	0	0	0	0	0	0	0	0
420	0	0	0	0	0	0	0	0	0	0
421	0	0	0	0	0	0	0	0	0	0
422	0	0	0	0	0	0	0	0	0	0
423	0	0	0	0	0	0	0	0	0	0
424	0	0	0	0	0	0	0	0	0	0
425	0	0	0	0	0	0	0	0	0	0
426	0	0	0	0	0	0	0	0	0	0
427	0	0	0	0	0	0	0	0	0	0
428	0	0	0	0	0	0	0	0	0	0
429	0	0	0	0	0	0	0	0	0	0
430	0	0	0	0	0	0	0	0	0	0
431	0	0	0	0	0	0	0	0	0	0
432	0	0	0	0	0	0	0	0	0	0
433	0	0	0	0	0	0	0	0	0	0
434	0	0	0	0	0	0	0	0	0	0
435	0	0	0	0	0	0	0	0	0	0
436	0	0	0	0	0	0	0	0	0	0
437	0	0	0	0	0	0	0	0	0	0
438	0	0	0	0	0	0	0	0	0	0
439	0	0	0	0	0	0	0	0	0	0
440	0	0	0	0	0	0	0	0	0	0
441	0	0	0	0	0	0	0	0	0	0
442	0	0	0	0	0	0	0	0	0	0
443	0	0	0	0	0	0	0	0	0	0
444	0	0	0	0	0	0	0	0	0	0
445	0	0	0	0	0	0	0	0	0	0
446	0	0	0	0	0	0	0	0	0	0
447	0	0	0	0	0	0	0	0	0	0
448	0	0	0	0	0	0	0	0	0	0
449	0	0	0	0	0	0	0	0	0	0
450	0	0	0	0	0	0	0	0	0	0
451	0	0	0	0	0	0	0	0	0	0
452	0	0	0	0	0	0	0	0	0	0
453	0	0	0	0	0	0	0	0	0	0
454	0	0	0	0	0	0	0	0	0	0
455	0	0	0	0	0	0	0	0	0	0
456	0	0	0	0	0	0	0	0	0	0
457	0	0	0	0	0	0	0	0	0	0
458	0	0	0	0	0	0	0	0	0	0
459	0	0	0	0	0	0	0	0	0	0
460	0	0	0	0	0	0	0	0	0	0
461	0	0	0	0	0	0	0	0	0	0
462	0	0	0	0	0	0	0	0	0	0
463	0	0	0	0	0	0	0	0	0	0
464	0	0	0	0	0	0	0	0	0	0
465	0	0	0	0	0	0	0	0	0	0
466	0	0	0	0	0	0	0	0	0	0
467	0	0	0	0	0	0	0	0	0	0
468	0	0	0	0	0	0	0	0	0	0
469	0	0	0	0	0	0	0	0	0	0
470	0	0	0	0	0	0	0	0	0	0
471	0	0	0	0	0	0	0	0	0	0
472	0	0	0	0	0	0	0	0	0	0
473	0	0	0	0	0	0	0	0	0	0
474	0	0	0	0	0	0	0	0	0	0
475	0	0	0	0	0	0	0	0	0	0
476	0	0	0	0	0	0	0	0	0	0
477	0	0	0	0	0	0	0	0	0	0
478	0	0	0	0	0	0	0	0	0	0
479	0	0	0	0	0	0	0	0	0	0
480	0	0	0	0	0	0	0	0	0	0
481	0	0	0	0	0	0	0	0	0	0
482	0	0	0	0	0	0	0	0	0	0
483	0	0	0	0	0	0	0	0	0	0
484	0	0	0	0	0	0	0	0	0	0
485	0	0	0	0	0	0	0	0	0	0
486	0	0	0	0	0	0	0	0	0	0
487	0	0	0	0	0	0	0	0	0	0
488	0	0	0	0	0	0	0	0	0	0
489	0	0	0	0	0	0	0	0	0	0
490	0	0	0	0	0	0	0	0	0	0
491	0	0	0	0	0	0	0	0	0	0
492	0	0	0	0	0	0	0	0	0	0
493	0	0	0	0	0	0	0	0	0	0
494	0	0	0	0	0	0	0	0	0	0
495	0	0	0	0	0	0	0	0	0	0
496	0	0	0	0	0	0	0	0	0	0
497	0	0	0	0	0	0	0	0	0	0
498	0	0	0	0	0	0	0	0	0	0
499	0	0	0	0	0	0	0	0	0	0
500	0	0	0	0	0	0	0	0	0	0
501	0	0	0	0	0	0	0	0	0	0
502	0	0	0	0	0	0	0	0	0	0
503	0	0	0	0	0	0	0	0	0	0
504	0	0	0	0	0	0	0	0	0	0
505	0	0	0	0	0	0	0	0	0	0
506	0	0	0	0	0	0	0	0	0	0
507	0	0	0	0	0	0	0	0	0	0
508	0	0	0	0	0	0	0	0	0	0
509	0	0	0	0	0	0	0	0	0	0
510	0	0	0	0	0	0	0	0	0	0
511	0	0	0	0	0	0	0	0	0	0
512	0	0	0	0	0	0	0	0	0	0
513	0	0	0	0	0	0	0	0	0	0
514	0	0	0	0	0	0	0	0	0	0
515	0	0	0	0	0	0	0	0	0	0
516	0	0	0	0	0	0	0	0	0	0
517	0	0	0	0	0	0	0	0	0	0
518	0	0	0	0	0	0	0	0	0	0
519	0	0	0	0	0	0	0	0	0	0
520	0	0	0	0	0	0	0	0	0	0
521	0	0	0	0	0	0	0	0	0	0
522	0	0	0	0	0	0	0	0	0	0
523	0	0	0	0	0	0	0	0	0	0
524	0	0	0	0	0	0	0	0	0	0
525	0	0	0	0	0	0	0	0	0	0
526	0	0	0	0	0	0	0	0	0	0
527	0	0	0	0	0	0	0	0	0	0
528	0	0	0	0	0	0	0	0	0	0
529	0	0	0	0	0	0	0	0	0	0
530	0	0	0	0	0	0	0	0	0	0
531	0	0	0	0	0	0	0	0	0	0
532	0	0	0	0	0	0	0	0	0	0
533	0	0	0	0	0	0	0	0	0	0
534	0	0	0	0	0	0	0	0	0	0
535	0	0	0	0	0	0	0	0	0	0
536	0	0	0	0	0	0	0	0	0	0
537	0	0	0	0	0	0	0	0	0	0
538	0	0	0	0	0	0	0	0	0	0
539	0	0	0	0	0	0	0	0	0	0
540	0	0	0	0	0	0	0	0	0	0
541	0	0	0	0	0	0	0	0	0	0
542	0	0	0	0	0	0	0	0	0	0
543	0	0	0	0	0	0	0	0	0	0
544	0	0	0	0	0	0	0	0	0	0
545	0	0	0	0	0	0	0	0	0	0
546	0	0	0	0	0	0	0	0	0	0
547	0	0	0	0	0	0	0	0	0	0
548	0	0	0	0	0	0	0	0	0	0
549	0	0	0	0	0	0	0	0	0	0
550	0	0	0	0	0	0	0	0	0	0
551	0	0	0	0	0	0	0	0	0	0
552	0	0	0	0	0	0	0	0	0	0
553	0	0	0	0	0	0	0	0	0	0
554	0	0	0	0	0	0	0	0	0	0
555	0	0	0	0	0	0	0	0	0	0
556	0	0	0	0	0	0	0	0	0	0
557	0	0	0	0	0	0	0	0	0	0
558	0	0	0	0	0	0	0	0	0	0
559	0	0	0	0	0	0	0	0	0	0
560	0	0	0	0	0	0	0	0	0	0
561	0	0	0	0	0	0	0	0	0	0
562	0	0	0	0	0	0	0	0	0	0
563	0	0	0	0	0	0	0	0	0	0
564	0	0	0	0	0	0	0	0	0	0
565	0	0	0	0	0	0	0	0	0	0
566	0	0	0	0	0	0	0	0	0	0
567	0	0	0	0	0	0	0	0	0	0
568	0	0	0	0	0	0	0	0	0	0
569	0	0	0	0	0	0	0	0	0	0
570	0	0	0	0	0	0	0	0	0	0
571	0	0	0	0	0	0	0	0	0	0
572	0	0	0	0	0	0	0	0	0	0
573	0	0	0	0	0	0	0	0	0	0
574	0	0	0	0	0	0	0	0	0	0
575	0	0	0	0	0	0	0	0	0	0
576	0	0	0	0	0	0	0	0	0	0
577	0	0	0	0	0	0	0	0	0	0
578	0	0	0	0	0	0	0	0	0	0
579	0	0	0	0	0	0	0	0	0	0
580	0	0	0	0	0	0	0	0	0	0
581	0	0	0	0	0	0	0	0	0	0
582	0	0	0	0	0	0	0	0	0	0
583	0	0	0	0	0	0	0	0	0	0
584	0	0	0	0	0	0	0	0	0	0
585	0	0	0	0	0	0	0	0	0	0
586	0	0	0	0	0	0	0	0	0	0
587	0	0	0	0	0	0	0	0	0	0
588	0	0	0	0	0	0	0	0	0	0
589	0	0	0	0	0	0	0	0	0	0
590	0	0	0	0	0	0	0	0	0	0
591	0	0	0	0	0	0	0	0	0	0
592	0	0	0	0	0	0	0	0	0	0
593	0	0	0	0	0	0	0	0	0	0
594	0	0	0	0	0	0	0	0	0	0
595	0	0	0	0	0	0	0	0	0	0
596	0	0	0	0	0	0	0	0	0	0
597	0	0	0	0	0	0	0	0	0	0
598	0	0	0	0	0	0	0	0	0	0
599	0	0	0	0	0	0	0	0	0	0
600	0	0	0	0	0	0	0	0	0	0
601	0	0	0	0	0	0	0	0	0	0
602	0	0	0	0	0	0	0	0	0	0
603	0	0	0	0	0	0	0	0	0	0
604	0	0	0	0	0	0	0	0	0	0
605	0	0	0	0	0	0	0	0	0	0
606	0	0	0	0	0	0	0	0	0	0
607	0	0	0	0	0	0	0	0	0	0
608	0	0	0	0	0	0	0	0	0	0
609	0	0	0	0	0	0	0	0	0	0
610	0	0	0	0	0	0	0	0	0	0
611	0	0	0	0	0	0	0	0	0	0
612	0	0	0	0	0	0	0	0	0	0
613	0	0	0	0	0	0	0	0	0	0
614	0	0	0	0	0	0	0	0	0	0
615	0	0	0	0	0	0	0	0	0	0
616	0	0	0	0	0	0	0	0	0	0
617	0	0	0	0	0	0	0	0	0	0
618	0	0	0	0	0	0	0	0	0	0
619	0	0	0	0	0	0	0	0	0	0
620	0	0	0	0	0	0	0	0	0	0
621	0	0	0	0	0	0	0	0	0	0
622	0	0	0	0	0	0	0	0	0	0
623	0	0	0	0	0	0	0	0	0	0
624	0	0	0	0	0	0	0	0	0	0
625	0	0	0	0	0	0	0	0	0	0
626	0	0	0	0	0	0	0	0	0	0
627	0	0	0	0	0	0	0	0	0	0
628	0	0	0	0	0	0	0	0	0	0
629	0	0	0	0	0	0	0	0	0	0
630	0	0	0	0	0	0	0	0	0	0
631	0	0	0	0	0	0	0	0	0	0
632	0	0	0	0	0	0	0	0	0	0
633	0	0	0	0	0	0	0	0	0	0
634	0	0	0	0	0	0	0	0	0	0
635	0	0	0	0	0	0	0	0	0	0
636	0	0	0	0	0	0	0	0	0	0
637	0	0	0	0	0	0	0	0	0	0
638	0	0	0	0	0	0	0	0	0	0
639	0	0	0	0	0	0	0	0	0	0
640	0	0	0	0	0	0	0	0	0	0
641	0	0	0	0	0	0	0	0	0	0
642	0	0	0	0	0	0	0	0	0	0
643	0	0	0	0	0	0	0	0	0	0
644	0	0	0	0	0	0	0	0	0	0
645	0	0	0	0	0	0	0	0	0	0
646	0	0	0	0	0	0	0	0	0	0
647	0	0	0	0	0	0	0	0	0	0
648	0	0	0	0	0	0	0	0	0	0
649	0	0	0	0	0	0	0	0	0	0
650	0	0	0	0	0	0	0	0	0	0
651	0	0	0	0	0	0	0	0	0	0
652	0	0	0	0	0	0	0	0	0	0
653	0	0	0	0	0	0	0	0	0	0
654	0	0	0	0	0	0	0	0	0	0
655	0	0	0	0	0	0	0	0	0	0
656	0	0	0	0	0	0	0	0	0	0
657	0	0	0	0	0	0	0	0	0	0
658	0	0	0	0	0	0	0	0	0	0
659	0	0	0	0	0	0	0	0	0	0
660	0	0	0	0	0	0	0	0	0	0
661	0	0	0	0	0	0	0	0	0	0
662	0	0	0	0	0	0	0	0	0	0
663	0	0	0	0	0	0	0	0	0	0
664	0	0	0	0	0	0	0	0	0	0
665	0	0	0	0	0	0	0	0	0	0
666	0	0	0	0	0	0	0	0	0	0
667	0	0	0	0	0	0	0	0	0	0
668	0	0	0	0	0	0	0	0	0	0
669	0	0	0	0	0	0	0	0	0	0
670	0	0	0	0	0	0	0	0	0	0
671	0	0	0	0	0	0	0	0	0	0
672	0	0	0	0	0	0	0	0	0	0
673	0	0	0	0	0	0	0	0	0	0
674	0	0	0	0	0	0	0	0	0	0
675	0	0	0	0	0	0	0	0	0	0
676	0	0	0	0	0	0	0	0	0	0
677	0	0	0	0	0	0	0	0	0	0
678	0	0	0	0	0	0	0	0	0	0
679	0	0	0	0	0	0	0	0	0	0
680	0	0	0	0	0	0	0	0	0	0
681	0	0	0	0	0	0	0	0	0	0
682	0	0	0	0	0	0	0	0	0	0
683	0	0	0	0	0	0	0	0	0	0
684	0	0	0	0	0	0	0	0	0	0
685	0	0	0	0	0	0	0	0	0	0
686	0	0	0	0	0	0	0	0	0	0
687	0	0	0	0	0	0	0	0	0	0
688	0	0	0	0	0	0	0	0	0	0
689	0	0	0	0	0	0	0	0	0	0
690	0	0	0	0	0	0	0	0	0	0
691	0	0	0	0	0	0	0	0	0	0
692	0	0	0	0	0	0	0	0	0	0
693	0	0	0	0	0	0	0	0	0	0
694	0	0	0	0	0	0	0	0	0	0
695	0	0	0	0	0	0	0	0	0	0
696	0	0	0	0	0	0	0	0	0	0
697	0	0	0	0	0	0	0	0	0	0
698	0	0	0	0	0	0	0	0	0	0
699	0	0	0	0	0	0	0	0	0	0
700	0	0	0	0	0	0	0	0	0	0
701	0	0	0	0	0	0	0	0	0	0
702	0	0	0	0	0	0	0	0	0	0
703	0	0	0	0	0	0	0	0	0	0
704	0	0	0	0	0	0	0	0	0	0
705	0	0	0	0	0	0	0	0	0	0
706	0	0	0	0	0	0	0	0	0	0
707	0	0	0	0	0	0	0	0	0	0
708	0	0	0	0	0	0	0	0	0	0
709	0	0	0	0	0	0	0	0	0	0
710	0	0	0	0	0	0	0	0	0	0
711	0	0	0	0	0	0	0	0	0	0
712	0	0	0	0	0	0	0	0	0	0
713	0	0	0	0	0	0	0	0	0	0
714	0	0	0	0	0	0	0	0	0	0
715	0	0	0	0	0	0	0	0	0	0
716	0	0	0	0	0	0	0	0	0	0
717	0	0	0	0	0	0	0	0	0	0
718	0	0	0	0	0	0	0	0	0	0
719	0	0	0	0	0	0	0	0	0	0
720	0	0	1	0	0	0	0	0	0	0
721	0	0	2	0	0	0	0	0	0	0
722	0	0	2	0	0	0	0	0	0	0
723	0	0	2	0	0	0	0	0	0	0
724	0	0	2	0	0	0	0	0	0	0
725	0	0	2	0	0	0	0	0	0	0
726	0	0	2	0	0	0	0	0	0	0
727	0	0	1	0	0	0	0	0	0	0
728	0	0	1	0	0	0	0	0	0	0
729	0	0	1	0	0	0	0	0	0	0
730	0	0	1	0	0	0	0	0	0	0
731	0	0	1	0	0	0	0	0	0	0
732	0	0	1	0	0	0	0	0	0	0
733	0	0	1	0	0	0	0	0	0	0
734	0	0	1	0	0	0	0	0	0	0
735	0	0	1	0	0	0	0	0	0	0
736	0	0	1	0	0	0	0	0	0	0
737	0	0	1	0	0	0	0	0	0	0
738	0	0	1	0	0	0	0	0	0	0
739	0	0	1	0	0	0	0	0	0	0
740	0	0	1	0	0	0	0	0	0	0
741	0	0	1	0	0	0	0	0	0	0
742	0	0	1	0	0	0	0	0	0	0
743	0	0	1	0	0	0	0	0	0	0
744	0	0	1	0	0	0	0	0	0	0
745	0	0	1	0	0	0	0	0	0	0
746	0	0	1	0	0	0	0	0	0	0
747	0	0	1	0	0	0	0	0	0	0
748	0	0	1	0	0	0	0	0	0	0
749	0	0	1	0	0	0	0	0	0	0
750	0	0	1	0	0	0	0	0	0	0
751	0	0	1	0	0	0	0	0	0	0
752	0	0	1	0	0	0	0	0	0	0
753	0	0	1	0	0	0	0	0	0	0
754	0	0	1	0	0	0	0	0	0	0
755	0	0	1	0	0	0	0	0	0	0
756	0	0	1	0	0	0	0	0	0	0
757	0	0	1	0	0	0	0	0	0	0
758	0	0	1	0	0	0	0	0	0	0
759	0	0	1	0	0	0	0	0	0	0
760	0	0	1	0	0	0	0	0	0	0
761	0	0	1	0	0	0	0	0	0	0
762	0	0	1	0	0	0	0	0	0	0
763	0	0	1	0	0	0	0	0	0	0
764	0	0	1	0	0	0	0	0	0	0
765	0	0	1	0	0	0	0	0	0	0
766	0	0	1	0	0	0	0	0	0	0
767	0	0	1	0	0	0	0	0	0	0
768	0	0	1	0	0	0	0	0	0	0
769	0	0	1	0	0	0	0	0	0	0
770	0	0	1	0	0	0	0	0	0	0
771	0	0	1	0	0	0	0	0	0	0
772	0	0	1	0	0	0	0	0	0	0
773	0	0	1	0	0	0	0	0	0	0
774	0	0	1	0	0	0	0	0	0	0
775	0	0	1	0	0	0	0	0	0	0
776	0	0	1	0	0	0	0	0	0	0
777	0	0	1	0	0	0	0	0	0	0
778	0	0	1	0	0	0	0	0	0	0
779	0	0	1	0	0	0	0	0	0	0
780	0	0	1	0	0	0	0	0	0	0
781	0	0	1	0	0	0	0	0	0	0
782	0	0	1	0	0	0	0	0	0	0
783	0	0	1	0	0	0	0	0	0	0
784	0	0	1	0	0	0	0	0	0	0
785	0	0	1	0	0	0	0	0	0	0
786	0	0	1	0	0	0	0	0	0	0
787	0	0	1	0	0	0	0	0	0	0
788	0	0	1	0	0	0	0	0	0	0
789	0	0	1	0	0	0	0	0	0	0
790	0	0	1	0	0	0	0	0	0	0
791	0	0	1	0	0	0	0	0	0	0
792	0	0	1	0	0	0	0	0	0	0
793	0	0	1	0	0	0	0	0	0	0
794	0	0	1	0	0	0	0	0	0	0
795	0	0	1	0	0	0	0	0	0	0
796	0	0	1	0	0	0	0	0	0	0
797	0	0	1	0	0	0	0	0	0	0
798	0	0	1	0	0	0	0	0	0	0
799	0	0	1	0	0	0	0	0	0	0
800	0	0	1	0	0	0	0	1	0	0
801	0	0	1	0	0	0	0	2	0	0
802	0	0	1	0	0	0	0	2	0	0
803	0	0	1	0	0	0	0	2	0	0
804	0	0	1	0	0	0	0	2	0	0
805	0	0	1	0	0	0	0	1	0	0
806	0	0	1	0	0	0	0	1	0	0
807	0	0	1	0	0	0	0	1	0	0
808	0	0	1	0	0	0	0	1	0	0
809	0	0	1	0	0	0	0	1	0	0
810	0	0	1	0	0	0	0	1	0	0
811	0	0	1	0	0	0	0	1	0	0
812	0	0	1	0	0	0	0	1	0	0
813	0	0	1	0	0	0	0	1	0	0
814	0	0	1	0	0	0	0	1	0	0
815	0	0	1	0	0	0	0	1	0	0
816	0	0	1	0	0	0	0	1	0	0
817	0	0	1	0	0	0	0	1	0	0
818	0	0	1	0	0	0	0	1	0	0
819	0	0	1	0	0	0	0	1	0	0
820	0	0	1	0	0	0	0	1	0	0
821	0	0	1	0	0	0	0	1	0	0
822	0	0	1	0	0	0	0	1	0	0
823	0	0	1	0	0	0	0	1	0	0
824	0	0	1	0	0	0	0	1	0	0
825	0	0	1	0	0	0	0	1	0	0
826	0	0	1	0	0	0	0	1	0	0
827	0	0	1	0	0	0	0	1	0	0
828	0	0	1	0	0	0	0	1	0	0
829	0	0	1	0	0	0	0	1	0	0
830	0	0	1	0	0	0	0	1	0	0
831	0	0	1	0	0	0	0	1	0	0
832	0	0	1	0	0	0	0	1	0	0
833	0	0	1	0	0	0	0	1	0	0
834	0	0	1	0	0	0	0	1	0	0
835	0	0	1	0	0	0	0	1	0	0
836	0	0	1	0	0	0	0	1	0	0
837	0	0	1	0	0	0	0	1	0	0
838	0	0	2	0	0	0	0	1	0	0
839	0	0	2	0	0	0	0	1	0	0
840	0	0	2	0	0	0	0	1	0	0
841	0	0	2	0	0	0	0	1	0	0
842	0	0	2	0	0	0	0	1	0	0
843	0	0	2	0	0	0	0	1	0	0
844	0	0	2	0	0	0	0	1	0	0
845	0	0	2	0	0	0	0	1	0	0
846	0	0	1	0	0	0	0	1	0	0
847	0	0	1	0	0	0	0	1	0	0
848	0	0	1	0	0	0	0	1	0	0
849	0	0	1	0	0	0	0	1	0	0
850	0	0	1	0	0	0	0	1	0	0
851	0	0	1	0	0	0	0	1	0	0
852	0	0	1	0	0	0	0	1	0	0
853	0	0	1	0	0	0	0	1	0	0
854	0	0	1	0	0	0	0	1	0	0
855	0	0	1	0	0	0	0	1	0	0
856	0	0	1	0	0	0	0	1	0	0
857	0	0	1	0	0	0	0	1	0	0
858	0	0	1	0	0	0	0	1	0	0
859	0	0	1	0	0	0	0	1	0	0
860	0	0	1	0	0	0	0	1	0	0
861	0	0	1	0	0	0	0	1	0	0
862	0	0	1	0	0	0	0	1	0	0
863	0	0	1	0	0	0	0	1	0	0
864	0	0	1	0	0	0	0	1	0	0
865	0	0	1	0	0	0	0	1	0	0
866	0	0	1	0	0	0	0	1	0	0
867	0	0	1	0	0	0	0	1	0	0
868	0	0	1	0	0	0	0	1	0	0
869	0	0	1	0	0	0	0	1	0	0
870	0	0	1	0	0	0	0	1	0	0
871	0	0	1	0	0	0	0	1	0	0
872	0	0	1	0	0	0	0	1	0	0
873	0	0	1	0	0	0	0	1	0	0
874	0	0	1	0	0	0	0	1	0	0
875	0	0	1	0	0	0	0	1	0	0
876	0	0	1	0	0	0	0	1	0	0
877	0	0	1	0	0	0	0	1	0	0
878	0	0	1	0	0	0	0	1	0	0
879	0	0	1	0	0	0	0	1	0	0
880	0	0	1	1	0	1	0	1	0	0
881	0	0	1	2	0	2	0	2	0	0
882	0	0	1	2	0	1	0	2	0	0
883	0	0	1	2	0	1	0	2	0	0
884	0	0	1	2	0	1	0	2	0	0
885	0	0	1	2	0	1	0	2	0	0
886	0	0	1	2	0	1	0	2	0	0
887	0	0	1	1	0	1	0	2	0	0
888	0	0	1	1	0	1	0	2	0	0
889	0	0	1	1	0	1	0	2	0	0
890	0	0	1	1	0	1	0	2	0	0
891	0	0	1	1	0	1	0	2	0	0
892	0	0	1	1	0	1	0	2	0	0
893	0	0	1	1	0	1	0	2	0	0
894	0	0	1	1	0	1	0	2	0	0
895	0	0	1	1	0	1	0	1	0	0
896	0	0	1	1	0	1	0	1	0	0
897	0	0	1	1	0	1	0	1	0	0
898	0	0	1	1	0	1	0	1	0	0
899	0	0	1	1	0	1	0	1	0	0
900	0	0	1	1	0	1	0	1	0	0
901	0	0	1	1	0	1	0	1	0	0
902	0	0	1	1	0	1	0	1	0	0
903	0	0	1	1	0	1	0	1	0	0
904	0	0	1	1	0	1	0	1	0	0
905	0	0	1	1	0	1	0	1	0	0
906	0	0	1	1	0	1	0	1	0	0
907	0	0	1	1	0	1	0	1	0	0
908	0	0	1	1	0	1	0	1	0	0
909	0	0	1	1	0	1	0	1	0	0
910	0	0	1	1	0	1	0	1	0	0
911	0	0	1	1	0	1	0	1	0	0
912	0	0	1	1	0	1	0	1	0	0
913	0	0	1	1	0	1	0	1	0	0
914	0	0	1	1	0	0	0	1	0	0
915	0	0	1	1	0	0	0	1	0	0
916	0	0	1	1	0	0	0	1	0	0
917	0	0	1	1	0	0	0	1	0	0
918	0	0	1	1	0	0	0	1	0	0
919	0	0	1	1	0	0	0	1	0	0
920	0	0	1	1	0	0	0	1	0	0
921	0	0	1	1	0	0	0	1	0	0
922	0	0	1	1	0	0	0	1	0	0
923	0	0	1	1	0	0	0	1	0	0
924	0	0	1	1	0	0	0	1	0	0
925	0	0	1	1	0	0	0	1	0	0
926	0	0	1	1	0	0	0	1	0	0
927	0	0	1	1	0	0	0	1	0	0
928	0	0	1	1	0	0	0	1	0	0
929	0	0	1	1	0	0	0	1	0	0
930	0	0	1	1	0	0	0	1	0	0
931	0	0	1	1	0	0	0	1	0	0
932	0	0	1	1	0	0	0	1	0	0
933	0	0	1	1	0	0	0	1	0	0
934	0	0	1	1	0	0	0	1	0	0
935	0	0	1	1	0	0	0	1	0	0
936	0	0	1	1	0	0	0	1	0	0
937	0	0	1	1	0	0	0	1	0	0
938	0	0	1	1	0	0	0	1	0	0
939	0	0	1	1	0	0	0	1	0	0
940	0	0	1	1	0	0	0	1	0	0
941	0	0	1	1	0	0	0	1	0	0
942	0	0	1	1	0	0	0	1	0	0
943	0	0	1	1	0	0	0	1	0	0
944	0	0	1	1	0	0	0	1	0	0
945	0	0	1	1	0	0	0	1	0	0
946	0	0	1	1	0	0	0	1	0	0
947	0	0	1	1	0	0	0	1	0	0
948	0	0	1	1	0	0	0	1	0	0
949	0	0	1	1	0	0	0	1	0	0
950	0	0	1	1	0	0	0	1	0	0
951	0	0	1	1	0	0	0	1	0	0
952	0	0	1	1	0	0	0	1	0	0
953	0	0	1	1	0	0	0	1	0	0
954	0	0	1	1	0	0	0	1	0	0
955	0	0	2	1	0	0	0	1	0	0
956	0	0	2	1	0	0	0	1	0	0
957	0	0	2	1	0	0	0	1	0	0
958	0	0	2	1	0	0	0	1	0	0
959	0	0	2	1	0	0	0	1	0	0
960	1	0	2	2	0	0	0	1	2	1
961	2	0	2	3	0	0	0	2	4	2
962	1	0	2	2	0	0	0	2	3	2
963	1	0	2	2	0	0	0	2	3	2
964	1	0	2	2	0	0	0	2	3	1
965	1	0	1	2	0	0	0	2	3	1
966	1	0	1	2	0	0	0	1	3	1
967	1	0	1	2	0	0	0	1	3	1
968	1	0	1	2	0	0	0	1	3	1
969	1	0	1	2	0	0	0	1	3	1
970	1	0	1	2	0	0	0	1	3	1
971	1	0	1	2	0	0	0	1	2	1
972	1	0	1	2	0	0	0	1	2	1
973	1	0	1	3	0	0	0	1	2	1
974	1	0	1	3	0	0	0	1	1	1
975	1	0	1	3	0	0	0	1	1	1
976	1	0	1	3	0	0	0	1	1	1
977	1	0	1	3	0	0	0	1	1	1
978	1	0	1	3	0	0	0	1	1	1
979	1	0	1	3	0	0	0	1	1	1
980	1	0	1	3	0	0	0	1	1	1
981	1	0	1	3	0	0	0	1	1	1
982	1	0	1	3	0	0	0	1	1	1
983	1	0	1	3	0	0	0	1	1	1
984	1	0	1	3	0	0	0	1	1	1
985	1	0	1	3	0	0	0	1	1	1
986	1	0	1	3	0	0	0	1	1	1
987	1	0	1	3	0	0	0	1	1	1
988	1	0	1	2	0	0	0	1	1	1
989	1	0	1	2	0	0	0	1	1	1
990	1	0	1	2	0	0	0	1	1	1
991	1	0	1	2	0	0	0	1	1	1
992	1	0	1	2	0	0	0	1	1	1
993	1	0	1	2	0	0	0	1	1	1
994	1	0	1	2	0	0	0	1	1	1
995	1	0	1	2	0	0	0	1	1	1
996	1	0	1	2	0	0	0	1	1	1
997	1	0	1	2	0	0	0	1	1	1
998	1	0	1	2	0	0	0	1	1	1
999	1	0	1	2	0	0	0	1	1	1
1000	1	0	1	2	0	0	0	1	1	1
1001	1	0	1	2	0	0	0	1	1	1
1002	1	0	1	2	0	0	0	1	1	1
1003	1	0	1	2	0	0	0	1	1	1
1004	1	0	1	2	0	0	0	1	1	1
1005	1	0	1	2	0	0	0	1	1	1
1006	1	0	1	2	0	0	0	1	1	1
1007	1	0	1	2	0	0	0	1	1	1
1008	1	0	1	2	0	0	0	1	1	1
1009	1	0	1	2	0	0	0	1	1	1
1010	1	0	1	2	0	0	0	1	1	1
1011	1	0	1	2	0	0	0	1	1	1
1012	1	0	1	2	0	0	0	1	1	1
1013	1	0	1	2	0	0	0	1	1	1
1014	1	0	1	2	0	0	0	1	1	1
1015	1	0	1	2	0	0	0	1	1	1
1016	1	0	1	2	0	0	0	1	1	1
1017	1	0	1	2	0	0	0	1	1	1
1018	1	0	1	2	0	0	0	1	1	1
1019	1	0	1	2	0	0	0	1	1	1
1020	1	0	1	2	0	0	0	1	1	1
1021	1	0	1	2	0	0	0	1	1	1
1022	1	0	1	2	0	0	0	1	1	1
1023	1	0	1	2	0	0	0	1	1	1
1024	1	0	1	2	0	0	0	1	1	1
1025	1	0	1	2	0	0	0	1	1	1
1026	1	0	1	2	0	0	0	1	1	1
1027	1	0	1	2	0	0	0	1	1	1
1028	1	0	1	2	0	0	0	1	1	1
1029	1	0	1	2	0	0	0	1	1	1
1030	1	0	1	2	0	0	0	1	1	1
1031	1	0	1	2	0	0	0	1	1	1
1032	1	0	1	2	0	0	0	1	1	1
1033	1	0	1	2	0	0	0	1	1	1
1034	1	0	1	2	0	0	0	1	1	1
1035	1	0	1	2	0	0	0	1	1	1
1036	1	0	1	2	0	0	0	1	1	1
1037	1	0	1	2	0	0	0	1	1	1
1038	1	0	1	2	0	0	0	1	1	1
1039	1	0	1	2	0	0	0	1	1	1
1040	1	0	1	3	0	0	0	1	2	1
1041	1	0	1	4	0	0	0	2	3	1
1042	1	0	1	4	0	0	0	2	2	1
1043	1	0	1	4	0	0	0	2	2	1
1044	1	0	1	5	0	0	0	2	2	1
1045	1	0	1	5	0	0	0	2	2	1
1046	1	0	1	4	0	0	0	2	2	1
1047	1	0	1	3	0	0	0	2	2	1
1048	1	0	1	3	0	0	0	2	2	1
1049	1	0	1	3	0	0	0	2	2	1
1050	1	0	1	3	0	0	0	2	2	1
1051	1	0	1	3	0	0	0	2	2	1
1052	1	0	1	3	0	0	0	2	2	1
1053	1	0	1	3	0	0	0	2	2	1
1054	1	0	1	3	0	0	0	2	2	1
1055	1	0	1	3	0	0	0	2	2	1
1056	1	0	1	3	0	0	0	2	2	1
1057	1	0	1	3	0	0	0	2	2	1
1058	2	0	1	3	0	0	0	2	2	1
1059	2	0	1	3	0	0	0	2	2	1
1060	2	0	1	3	0	0	0	2	2	1
1061	2	0	1	3	0	0	0	2	2	1
1062	2	0	1	3	0	0	0	1	2	1
1063	2	0	1	3	0	0	0	1	2	1
1064	1	0	1	3	0	0	0	1	2	1
1065	1	0	1	4	0	0	0	1	3	1
1066	1	0	1	4	0	0	0	1	2	1
1067	1	0	1	4	0	0	0	1	2	1
1068	1	0	1	3	0	0	0	1	2	1
1069	1	0	1	3	0	0	0	1	2	1
1070	1	0	1	3	0	0	0	1	2	1
1071	1	0	1	3	0	0	0	1	2	1
1072	1	0	2	3	0	0	0	1	2	1
1073	1	0	2	3	0	0	0	1	2	1
1074	1	0	2	3	0	0	0	1	2	2
1075	1	0	2	3	0	0	0	1	2	2
1076	1	0	1	3	0	0	0	1	2	2
1077	1	0	1	3	0	0	0	1	2	2
1078	1	0	1	3	0	0	0	1	2	2
1079	1	0	1	3	0	0	0	1	2	1
1080	1	0	1	3	0	0	0	1	2	1
1081	1	0	1	3	0	0	0	1	2	1
1082	1	0	1	3	0	0	0	1	2	1
1083	1	0	1	3	0	0	0	1	2	1
1084	1	0	1	3	0	0	0	1	2	1
1085	1	0	1	3	0	0	0	1	2	1
1086	1	0	1	3	0	0	0	1	2	1
1087	1	0	1	3	0	0	0	1	2	1
1088	1	0	1	3	0	0	0	1	2	1
1089	1	0	1	3	0	0	0	1	2	1
1090	1	0	1	3	0	0	0	1	2	1
1091	1	0	1	3	0	0	0	1	2	1
1092	1	0	1	3	0	0	0	1	2	1
1093	1	0	1	3	0	0	0	1	2	1
1094	1	0	1	3	0	0	0	1	2	1
1095	1	0	1	3	0	0	0	1	2	1
1096	1	0	1	3	0	0	0	1	2	1
1097	1	0	1	3	0	0	0	1	2	1
1098	1	0	1	3	0	0	0	1	2	1
1099	1	0	1	3	0	0	0	1	2	1
1100	1	0	1	3	0	0	0	1	2	1
1101	1	0	1	3	0	0	0	1	2	1
1102	1	0	1	3	0	0	0	1	2	1
1103	1	0	1	3	0	0	0	1	2	1
1104	1	0	1	3	0	0	0	1	2	1
1105	1	0	1	3	0	0	0	1	2	1
1106	1	0	1	3	0	0	0	1	2	1
1107	1	0	1	3	0	0	0	1	2	1
1108	1	0	1	3	0	0	0	1	2	1
1109	1	0	1	3	0	0	0	1	2	1
1110	1	0	1	3	0	0	0	1	2	1
1111	1	0	1	3	0	0	0	1	2	1
1112	1	0	1	3	0	0	0	1	2	1
1113	1	0	1	3	0	0	0	1	2	1
1114	1	0	1	3	0	0	0	1	2	1
1115	1	0	1	3	0	0	0	1	2	1
1116	1	0	1	3	0	0	0	1	2	1
1117	1	0	1	3	0	0	0	1	2	1
1118	1	0	1	3	0	0	0	1	2	1
1119	1	0	1	3	0	0	0	1	2	1
1120	1	0	1	4	2	0	0	2	3	2
1121	1	0	1	5	4	0	0	4	4	3
1122	1	0	1	5	4	0	0	4	4	3
1123	1	0	1	5	4	0	0	4	4	3
1124	1	0	1	5	4	0	0	3	4	3
1125	1	0	1	5	4	0	0	3	4	2
1126	1	0	1	5	4	0	0	2	3	2
1127	1	0	1	6	4	0	0	2	3	2
1128	1	0	1	6	4	0	0	2	3	2
1129	1	0	1	6	4	0	0	2	3	2
1130	1	0	1	4	4	0	0	2	3	2
1131	1	0	1	4	3	0	0	2	3	2
1132	1	0	1	3	3	0	0	2	3	2
1133	1	0	1	3	3	0	0	2	3	2
1134	1	0	1	4	3	0	0	2	3	2
1135	1	0	1	4	2	0	0	2	3	2
1136	1	0	1	4	2	0	0	2	3	2
1137	1	0	1	3	2	0	0	2	3	2
1138	1	0	1	3	2	0	0	2	3	2
1139	1	0	1	3	2	0	0	2	3	2
1140	1	0	1	3	2	0	0	2	3	2
1141	1	0	1	3	2	0	0	2	3	2
1142	1	0	1	3	2	0	0	2	3	2
1143	1	0	1	3	2	0	0	2	3	2
1144	1	0	1	3	2	0	0	1	3	2
1145	1	0	1	3	2	0	0	1	3	2
1146	1	0	1	3	2	0	0	1	3	2
1147	1	0	1	3	2	0	0	1	3	2
1148	1	0	1	3	2	0	0	1	3	2
1149	1	0	1	3	2	0	0	1	3	2
1150	1	0	1	3	2	0	0	1	3	2
1151	1	0	1	3	2	0	0	1	3	2
1152	1	0	1	3	2	0	0	1	3	2
1153	1	0	1	3	2	0	0	1	3	2
1154	1	0	1	3	2	0	0	1	3	2
1155	2	0	1	3	2	0	0	1	3	2
1156	2	0	1	3	2	0	0	1	3	2
1157	1	0	1	4	2	0	0	1	3	2
1158	1	0	1	4	2	0	0	1	3	2
1159	1	0	1	4	2	0	0	1	3	2
1160	1	0	1	4	2	0	0	1	3	2
1161	1	0	1	4	2	0	0	1	3	2
1162	1	0	1	4	2	0	0	1	3	2
1163	1	0	1	4	2	0	0	1	3	2
1164	1	0	1	4	2	0	0	1	3	2
1165	1	0	1	3	2	0	0	1	3	2
1166	1	0	1	3	2	0	0	1	3	2
1167	1	0	1	3	2	0	0	1	3	2
1168	1	0	1	3	2	0	0	1	3	2
1169	1	0	1	3	2	0	0	1	4	2
1170	1	0	1	3	2	0	0	1	4	2
1171	1	0	1	3	2	0	0	1	4	2
1172	1	0	1	3	2	0	0	1	4	2
1173	1	0	1	3	2	0	0	1	5	2
1174	1	0	1	3	2	0	0	1	5	2
1175	1	0	1	3	2	0	0	1	5	2
1176	1	0	1	3	2	0	0	1	5	2
1177	1	0	1	3	2	0	0	1	3	2
1178	1	0	1	3	2	0	0	1	3	2
1179	1	0	1	3	2	0	0	1	3	2
1180	1	0	1	3	2	0	0	1	3	2
1181	1	0	1	3	2	0	0	1	3	2
1182	1	0	1	3	2	0	0	1	3	2
1183	1	0	1	3	2	0	0	1	3	2
1184	1	0	1	3	2	0	0	1	3	2
1185	1	0	1	3	2	0	0	1	3	2
1186	1	0	1	3	2	0	0	1	3	2
1187	1	0	1	3	2	0	0	1	3	3
1188	1	0	1	3	2	0	0	1	3	3
1189	1	0	2	3	2	0	0	1	3	3
1190	1	0	2	3	2	0	0	1	3	3
1191	1	0	2	3	2	0	0	1	3	3
1192	1	0	2	3	2	0	0	1	3	3
1193	1	0	2	3	2	0	0	1	3	3
1194	1	0	2	3	2	0	0	1	3	3
1195	1	0	2	3	2	0	0	1	3	3
1196	1	0	2	3	2	0	0	1	3	3
1197	1	0	1	3	2	0	0	1	3	3
1198	1	0	1	3	2	0	0	1	3	3
1199	1	0	1	3	2	0	0	1	3	3
1200	3	3	2	8	4	2	2	2	3	3
1201	5	6	3	13	6	4	4	4	3	4
1202	3	6	3	12	6	4	3	4	3	3
1203	3	6	3	10	6	4	3	4	3	3
1204	3	6	3	9	6	4	2	4	3	3
1205	3	6	3	9	6	3	2	3	3	3
1206	3	6	3	8	6	3	2	3	3	3
1207	3	6	3	8	4	3	2	3	3	3
1208	3	4	3	7	4	3	2	3	3	3
1209	3	4	3	7	4	3	2	3	3	3
1210	3	4	2	8	4	3	2	3	3	3
1211	3	4	2	8	4	3	2	3	3	3
1212	3	3	2	8	4	2	2	3	3	3
1213	3	2	2	8	4	2	2	3	3	3
1214	3	2	2	8	4	2	2	3	3	3
1215	3	2	2	8	4	2	2	3	3	4
1216	2	2	2	7	4	2	2	3	4	5
1217	2	2	2	7	5	2	2	3	3	5
1218	2	2	2	7	5	2	2	3	3	6
1219	2	2	2	7	5	2	2	3	3	6
1220	3	2	2	6	5	2	2	3	3	6
1221	4	2	2	6	5	2	2	3	3	6
1222	4	2	1	6	4	2	2	3	3	6
1223	4	2	1	6	4	2	2	3	3	6
1224	4	2	1	6	4	2	2	3	3	5
1225	4	2	1	6	4	2	2	3	3	5
1226	4	2	1	6	4	2	2	3	3	5
1227	4	2	1	7	4	2	2	3	3	4
1228	4	2	1	7	4	1	1	3	3	4
1229	4	2	1	7	4	1	1	3	3	4
1230	4	2	1	7	4	1	1	3	3	4
1231	4	2	1	7	4	1	1	3	3	4
1232	4	2	1	7	4	1	1	3	3	4
1233	4	2	1	7	4	1	1	3	3	4
1234	3	2	1	7	4	1	1	3	3	4
1235	3	2	1	7	4	1	1	3	3	4
1236	3	2	1	7	4	1	1	3	3	4
1237	3	2	1	7	4	1	1	3	3	4
1238	3	2	1	7	4	1	1	3	3	4
1239	3	2	1	7	4	1	1	3	3	4
1240	3	2	1	7	4	1	1	3	3	4
1241	3	2	1	7	4	1	1	3	3	4
1242	3	2	1	6	4	1	1	2	3	4
1243	3	2	1	6	4	1	1	2	3	4
1244	3	2	1	6	4	1	1	2	3	4
1245	3	2	1	6	4	1	1	2	3	4
1246	3	2	1	6	5	1	1	2	3	4
1247	3	2	1	6	5	1	1	2	3	4
1248	3	2	1	6	5	1	1	2	3	4
1249	3	2	1	7	5	1	1	2	3	4
1250	3	2	1	7	5	1	1	2	3	4
1251	3	2	1	7	5	1	1	2	3	4
1252	4	2	1	7	5	1	1	2	3	4
1253	3	2	1	7	5	1	1	2	3	4
1254	3	2	1	7	4	1	1	2	3	4
1255	3	2	1	6	4	1	1	2	3	4
1256	3	2	1	6	4	1	1	2	3	4
1257	3	2	1	6	4	1	1	2	3	4
1258	3	2	1	6	4	1	1	2	3	4
1259	3	2	1	6	4	1	1	2	3	4
1260	3	2	1	6	4	1	1	2	3	4
1261	3	2	1	6	4	1	1	2	3	4
1262	3	2	1	6	4	1	1	2	3	4
1263	3	2	1	6	4	1	1	2	3	4
1264	3	2	1	6	4	1	1	2	3	4
1265	3	2	1	6	4	1	1	2	3	4
1266	3	2	1	6	4	1	1	2	3	4
1267	3	2	1	6	4	1	1	2	3	4
1268	3	2	1	6	4	1	1	2	3	4
1269	3	2	1	6	4	1	1	2	3	4
1270	3	2	1	6	4	1	1	2	3	4
1271	3	2	1	6	4	1	1	2	3	4
1272	3	2	1	6	4	1	1	2	3	4
1273	3	2	1	6	4	1	1	2	4	4
1274	3	2	1	6	4	1	1	2	4	4
1275	3	2	1	6	4	1	1	2	4	4
1276	3	2	1	6	4	1	1	2	4	4
1277	3	2	1	6	4	1	1	2	4	4
1278	3	2	1	6	4	1	1	2	3	4
1279	3	2	1	6	4	1	1	2	3	4
1280	10	4	8	11	7	5	3	4	4	7
1281	17	6	13	16	10	9	5	7	5	10
1282	14	6	13	14	10	9	5	6	5	10
1283	13	6	12	14	10	9	5	6	5	10
1284	13	6	10	14	8	9	5	5	5	10
1285	13	6	10	13	7	9	5	5	5	10
1286	12	5	10	13	8	9	5	4	5	10
1287	10	4	10	13	8	9	4	3	5	10
1288	8	4	10	12	7	9	3	3	5	8
1289	8	4	10	12	6	9	3	3	5	8
1290	8	4	10	12	6	6	3	3	5	8
1291	8	4	9	12	5	6	3	3	5	7
1292	8	4	8	12	5	6	4	3	5	7
1293	7	4	7	13	5	6	3	3	5	7
1294	7	4	7	13	5	6	3	3	4	7
1295	7	4	7	12	5	6	3	3	4	7
1296	7	4	7	12	5	6	3	3	4	7
1297	7	4	7	12	5	6	3	3	4	7
1298	6	3	7	12	5	6	3	3	4	7
1299	6	4	7	11	5	5	3	3	4	6
1300	6	3	7	11	5	5	3	3	4	7
1301	5	3	7	11	5	5	3	3	4	7
1302	5	3	6	11	5	5	3	3	4	6
1303	5	3	6	11	5	5	3	3	4	6
1304	5	3	6	11	5	5	3	3	4	6
1305	5	3	6	11	5	5	3	3	5	6
1306	5	3	7	11	5	5	3	3	5	6
1307	5	3	7	11	5	5	3	3	5	7
1308	5	3	7	11	5	5	3	3	5	7
1309	5	3	7	11	5	5	3	3	5	7
1310	5	3	7	11	5	5	3	3	5	7
1311	5	3	7	11	5	6	3	3	6	7
1312	5	3	7	11	5	6	3	3	6	7
1313	5	3	7	11	6	6	3	3	5	7
1314	5	3	7	11	6	6	3	3	4	7
1315	5	3	7	11	6	5	3	3	4	8
1316	5	3	6	11	6	5	3	3	4	8
1317	5	3	6	12	6	5	3	3	4	8
1318	5	4	6	11	6	5	3	3	4	8
1319	5	4	6	11	6	5	3	3	4	8
1320	5	4	6	12	6	5	3	3	4	8
1321	5	4	6	12	6	5	3	3	4	8
1322	5	4	6	12	6	5	3	3	4	8
1323	5	4	6	12	5	5	3	3	4	8
1324	6	4	6	12	5	5	3	3	4	7
1325	6	4	6	11	5	5	3	3	4	6
1326	6	4	6	11	5	5	3	3	4	6
1327	6	4	6	11	5	5	3	3	4	7
1328	6	4	6	11	5	5	3	3	4	7
1329	6	4	6	11	5	5	3	3	4	7
1330	5	3	6	11	5	5	3	3	4	7
1331	5	3	6	11	5	5	3	3	4	7
1332	5	3	6	11	5	5	3	3	4	7
1333	5	3	6	11	5	5	3	3	4	7
1334	5	3	6	11	5	5	3	3	4	7
1335	5	3	6	11	6	5	3	4	4	7
1336	5	3	6	11	6	5	3	4	4	7
1337	5	3	6	11	6	5	3	4	4	6
1338	5	3	6	11	5	4	3	4	4	6
1339	5	3	6	11	5	4	3	4	4	6
1340	5	3	6	11	5	4	3	4	4	6
1341	5	3	6	12	5	4	3	4	4	6
1342	5	3	6	12	5	4	3	4	4	6
1343	5	3	6	12	5	4	3	3	4	6
1344	5	3	6	12	5	4	3	3	4	6
1345	5	3	6	11	5	4	3	3	4	6
1346	5	3	6	11	5	4	3	3	4	6
1347	5	3	6	11	5	3	3	3	4	6
1348	5	3	6	12	5	3	3	3	4	6
1349	6	3	6	12	5	3	3	3	4	6
1350	6	3	6	12	5	3	3	3	4	6
1351	6	3	6	12	5	3	3	3	4	6
1352	6	3	6	12	5	3	3	3	4	6
1353	6	3	6	12	5	3	3	3	4	6
1354	6	3	6	11	5	3	3	3	4	6
1355	6	3	6	11	5	3	3	3	4	6
1356	6	3	6	11	5	3	3	3	4	6
1357	6	3	6	11	5	3	3	3	4	6
1358	6	3	6	11	5	3	3	3	4	6
1359	6	3	6	11	5	3	3	3	4	6
1360	16	9	12	14	11	8	11	8	10	14
1361	27	15	18	17	17	13	19	14	16	22
1362	26	15	17	16	15	12	18	14	15	21
1363	23	15	15	16	14	12	17	14	14	19
1364	22	14	13	15	14	12	16	14	12	19
1365	22	14	13	15	14	12	16	14	12	18
1366	22	14	13	14	14	12	15	14	12	18
1367	20	13	13	14	13	11	15	12	11	18
1368	19	13	13	14	11	11	14	12	11	18
1369	16	13	13	14	11	10	12	12	10	17
1370	15	12	13	14	11	10	12	12	9	15
1371	14	12	11	14	13	9	10	12	9	14
1372	14	12	11	14	12	9	10	11	9	14
1373	14	11	11	14	12	9	10	9	9	14
1374	13	11	11	14	12	9	10	9	9	14
1375	13	11	11	14	12	9	10	9	8	14
1376	13	10	11	15	11	8	9	9	8	12
1377	13	10	11	15	11	8	9	9	9	12
1378	12	10	11	15	10	8	9	8	9	12
1379	12	10	11	16	10	7	9	8	9	12
1380	12	10	11	16	10	7	9	8	9	12
1381	12	10	11	16	10	7	9	8	9	12
1382	12	10	11	16	10	7	9	7	9	12
1383	12	10	11	15	10	7	10	7	9	12
1384	12	10	11	16	10	7	9	7	9	12
1385	12	10	11	15	10	7	9	7	8	12
1386	12	10	11	15	10	7	8	7	8	12
1387	12	10	11	15	10	7	9	7	8	12
1388	12	10	11	15	10	7	9	7	8	12
1389	12	10	11	15	10	7	9	7	8	12
1390	12	10	11	15	10	7	9	7	8	12
1391	12	10	11	15	10	7	8	7	8	12
1392	12	11	11	15	10	7	8	7	8	12
1393	12	12	11	16	10	7	8	7	8	13
1394	12	12	11	14	10	7	8	7	8	12
1395	13	12	11	15	10	7	8	7	8	12
1396	12	12	11	15	10	7	8	7	8	12
1397	12	13	11	15	10	7	8	7	8	12
1398	12	13	11	14	10	7	8	7	8	12
1399	12	11	11	14	10	7	8	7	8	12
1400	12	11	11	14	10	7	8	7	8	12
1401	12	11	12	14	10	7	8	7	8	12
1402	12	11	12	14	10	7	8	7	9	12
1403	12	11	11	14	10	7	8	7	9	12
1404	12	11	11	14	10	7	8	7	9	12
1405	12	11	11	14	10	7	8	7	9	12
1406	12	11	11	14	10	8	9	7	10	12
1407	12	10	11	14	10	8	9	7	10	12
1408	12	10	11	14	10	7	9	7	10	12
1409	12	10	12	14	11	7	9	7	10	13
1410	12	10	12	14	11	7	9	8	10	13
1411	12	10	11	14	11	7	9	8	9	13
1412	12	10	12	14	12	8	9	8	9	13
1413	12	10	12	15	12	8	9	8	9	15
1414	12	10	12	14	12	8	9	8	9	14
1415	12	10	12	14	11	8	9	8	9	14
1416	12	10	12	14	11	8	9	8	8	14
1417	12	10	12	14	10	8	9	8	8	14
1418	12	10	12	14	10	7	9	8	8	14
1419	12	10	12	14	10	7	9	8	8	14
1420	12	10	11	14	10	7	9	8	8	14
1421	12	10	11	14	10	8	9	8	8	14
1422	12	10	11	14	10	8	9	8	8	13
1423	12	9	12	14	10	8	9	8	8	13
1424	12	9	12	14	10	8	9	8	8	13
1425	12	9	12	14	10	8	9	8	8	13
1426	12	9	12	14	10	8	9	8	8	13
1427	13	9	12	14	10	8	9	8	8	13
1428	13	9	12	14	10	8	9	8	8	13
1429	13	9	12	14	10	8	9	8	8	13
1430	13	9	12	14	10	7	9	8	8	13
1431	13	9	12	14	10	7	9	8	8	13
1432	13	9	12	14	10	7	9	8	8	13
1433	13	9	12	16	10	7	9	8	8	12
1434	12	9	12	16	10	7	9	8	8	12
1435	12	10	12	16	10	7	9	8	8	13
1436	12	10	12	15	10	7	8	8	8	14
1437	12	10	12	15	10	7	8	8	9	14
1438	12	10	11	14	10	7	8	8	9	15
1439	12	10	11	14	10	7	8	8	9	15
1440	27	25	21	25	18	15	23	21	18	26
1441	43	40	31	36	26	23	37	35	26	37
1442	41	36	30	35	26	22	31	33	26	34
1443	39	35	27	33	24	22	26	32	24	33
1444	37	33	26	32	24	22	26	31	24	32
1445	37	33	25	31	23	21	25	29	24	30
1446	36	31	24	29	23	21	24	26	23	28
1447	33	30	24	27	21	19	23	24	22	27
1448	33	28	25	27	21	18	22	23	21	26
1449	32	27	24	26	21	17	21	21	20	26
1450	31	27	23	24	21	17	20	19	19	25
1451	30	27	21	23	20	16	20	18	20	24
1452	30	25	21	22	20	16	19	18	20	23
1453	29	25	21	22	19	15	18	18	20	23
1454	28	24	21	22	18	15	18	17	19	23
1455	27	23	21	21	17	15	17	17	19	23
1456	26	23	21	21	18	14	17	17	18	23
1457	26	23	21	21	18	14	17	17	16	23
1458	26	22	21	21	18	14	16	17	16	23
1459	25	22	21	22	18	13	16	16	16	23
1460	24	22	22	22	17	13	16	16	16	24
1461	24	22	21	22	17	13	16	16	16	22
1462	23	22	20	22	17	12	16	16	16	22
1463	23	22	20	22	17	12	16	16	16	22
1464	23	21	20	22	17	12	16	16	16	22
1465	23	21	22	22	17	13	15	17	17	23
1466	23	20	23	21	17	13	16	17	17	24
1467	23	20	22	21	16	13	17	16	16	24
1468	23	20	21	21	17	13	17	16	16	24
1469	23	20	22	21	18	12	17	17	16	24
1470	23	20	23	21	18	12	17	17	16	23
1471	23	20	22	21	17	12	17	17	16	23
1472	23	20	22	22	17	12	16	18	16	22
1473	23	20	22	23	17	12	17	18	16	23
1474	23	20	21	23	17	12	18	16	15	23
1475	23	20	21	23	17	12	17	16	15	24
1476	23	20	20	22	17	12	16	16	15	24
1477	23	20	21	23	16	12	16	16	15	23
1478	23	20	22	23	16	12	16	16	15	23
1479	23	20	20	23	16	13	16	16	15	23
1480	23	19	20	23	16	13	16	16	15	22
1481	23	19	20	24	16	13	16	16	15	22
1482	23	19	20	24	16	14	16	16	15	22
1483	25	19	20	23	17	15	16	16	15	22
1484	24	20	20	22	17	15	16	16	15	22
1485	24	20	20	22	18	15	16	16	15	22
1486	24	19	20	22	17	15	16	16	14	22
1487	23	19	20	23	17	14	15	16	14	22
1488	24	20	20	23	17	14	15	16	14	22
1489	23	21	20	23	17	14	15	16	14	22
1490	23	21	20	22	17	14	15	17	14	22
1491	23	20	20	22	17	14	15	17	15	22
1492	23	21	20	22	17	14	16	17	15	22
1493	23	21	20	22	17	14	17	17	16	22
1494	23	20	20	22	17	14	17	17	16	22
1495	23	21	20	23	17	14	17	16	16	22
1496	23	21	20	22	18	13	17	16	15	22
1497	24	21	20	22	17	13	17	16	15	22
1498	24	20	20	22	17	13	16	16	15	22
1499	24	20	20	22	17	12	16	17	15	22
1500	24	21	20	22	17	12	16	17	15	22
1501	24	21	20	22	17	12	16	17	16	22
