Time	inactive.TCR1	inactive.TCR2	inactive.TCR3	inactive.TCR4	inactive.TCR5	inactive.TCR6	inactive.TCR7	inactive.TCR8	inactive.TCR9	inactive.TCR10
1	0	0	0	0	0	0	0	0	0	0
2	0	0	0	0	0	0	0	0	0	0
3	0	0	0	0	0	0	0	0	0	0
4	0	0	0	0	0	0	0	0	0	0
5	0	0	0	0	0	0	0	0	0	0
6	0	0	0	0	0	0	0	0	0	0
7	0	0	0	0	0	0	0	0	0	0
8	0	0	0	0	0	0	0	0	0	0
9	0	0	0	0	0	0	0	0	0	0
10	0	0	0	0	0	0	0	0	0	0
11	0	0	0	0	0	0	0	0	0	0
12	0	0	0	0	0	0	0	0	0	0
13	0	0	0	0	0	0	0	0	0	0
14	0	0	0	0	0	0	0	0	0	0
15	0	0	0	0	0	0	0	0	0	0
16	0	0	0	0	0	0	0	0	0	0
17	0	0	0	0	0	0	0	0	0	0
18	0	0	0	0	0	0	0	0	0	0
19	0	0	0	0	0	0	0	0	0	0
20	0	0	0	0	0	0	0	0	0	0
21	0	0	0	0	0	0	0	0	0	0
22	0	0	0	0	0	0	0	0	0	0
23	0	0	0	0	0	0	0	0	0	0
24	0	0	0	0	0	0	0	0	0	0
25	0	0	0	0	0	0	0	0	0	0
26	0	0	0	0	0	0	0	0	0	0
27	0	0	0	0	0	0	0	0	0	0
28	0	0	0	0	0	0	0	0	0	0
29	0	0	0	0	0	0	0	0	0	0
30	0	0	0	0	0	0	0	0	0	0
31	0	0	0	0	0	0	0	0	0	0
32	0	0	0	0	0	0	0	0	0	0
33	0	0	0	0	0	0	0	0	0	0
34	0	0	0	0	0	0	0	0	0	0
35	0	0	0	0	0	0	0	0	0	0
36	0	0	0	0	0	0	0	0	0	0
37	0	0	0	0	0	0	0	0	0	0
38	0	0	0	0	0	0	0	0	0	0
39	0	0	0	0	0	0	0	0	0	0
40	0	0	0	0	0	0	0	0	0	0
41	0	0	0	0	0	0	0	0	0	0
42	0	0	0	0	0	0	0	0	0	0
43	0	0	0	0	0	0	0	0	0	0
44	0	0	0	0	0	0	0	0	0	0
45	0	0	0	0	0	0	0	0	0	0
46	0	0	0	0	0	0	0	0	0	0
47	0	0	0	0	0	0	0	0	0	0
48	0	0	0	0	0	0	0	0	0	0
49	0	0	0	0	0	0	0	0	0	0
50	0	0	0	0	0	0	0	0	0	0
51	0	0	0	0	0	0	0	0	0	0
52	0	0	0	0	0	0	0	0	0	0
53	0	0	0	0	0	0	0	0	0	0
54	0	0	0	0	0	0	0	0	0	0
55	0	0	0	0	0	0	0	0	0	0
56	0	0	0	0	0	0	0	0	0	0
57	0	0	0	0	0	0	0	0	0	0
58	0	0	0	0	0	0	0	0	0	0
59	0	0	0	0	0	0	0	0	0	0
60	0	0	0	0	0	0	0	0	0	0
61	0	0	0	0	0	0	0	0	0	0
62	0	0	0	0	0	0	0	0	0	0
63	0	0	0	0	0	0	0	0	0	0
64	0	0	0	0	0	0	0	0	0	0
65	0	0	0	0	0	0	0	0	0	0
66	0	0	0	0	0	0	0	0	0	0
67	0	0	0	0	0	0	0	0	0	0
68	0	0	0	0	0	0	0	0	0	0
69	0	0	0	0	0	0	0	0	0	0
70	0	0	0	0	0	0	0	0	0	0
71	0	0	0	0	0	0	0	0	0	0
72	0	0	0	0	0	0	0	0	0	0
73	0	0	0	0	0	0	0	0	0	0
74	0	0	0	0	0	0	0	0	0	0
75	0	0	0	0	0	0	0	0	0	0
76	0	0	0	0	0	0	0	0	0	0
77	0	0	0	0	0	0	0	0	0	0
78	0	0	0	0	0	0	0	0	0	0
79	0	0	0	0	0	0	0	0	0	0
80	0	0	0	0	0	0	0	0	0	0
81	0	0	0	0	0	0	0	0	0	0
82	0	0	0	0	0	0	0	0	0	0
83	0	0	0	0	0	0	0	0	0	0
84	0	0	0	0	0	0	0	0	0	0
85	0	0	0	0	0	0	0	0	0	0
86	0	0	0	0	0	0	0	0	0	0
87	0	0	0	0	0	0	0	0	0	0
88	0	0	0	0	0	0	0	0	0	0
89	0	0	0	0	0	0	0	0	0	0
90	0	0	0	0	0	0	0	0	0	0
91	0	0	0	0	0	0	0	0	0	0
92	0	0	0	0	0	0	0	0	0	0
93	0	0	0	0	0	0	0	0	0	0
94	0	0	0	0	0	0	0	0	0	0
95	0	0	0	0	0	0	0	0	0	0
96	0	0	0	0	0	0	0	0	0	0
97	0	0	0	0	0	0	0	0	0	0
98	0	0	0	0	0	0	0	0	0	0
99	0	0	0	0	0	0	0	0	0	0
100	0	0	0	0	0	0	0	0	0	0
101	0	0	0	0	0	0	0	0	0	0
102	0	0	0	0	0	0	0	0	0	0
103	0	0	0	0	0	0	0	0	0	0
104	0	0	0	0	0	0	0	0	0	0
105	0	0	0	0	0	0	0	0	0	0
106	0	0	0	0	0	0	0	0	0	0
107	0	0	0	0	0	0	0	0	0	0
108	0	0	0	0	0	0	0	0	0	0
109	0	0	0	0	0	0	0	0	0	0
110	0	0	0	0	0	0	0	0	0	0
111	0	0	0	0	0	0	0	0	0	0
112	0	0	0	0	0	0	0	0	0	0
113	0	0	0	0	0	0	0	0	0	0
114	0	0	0	0	0	0	0	0	0	0
115	0	0	0	0	0	0	0	0	0	0
116	0	0	0	0	0	0	0	0	0	0
117	0	0	0	0	0	0	0	0	0	0
118	0	0	0	0	0	0	0	0	0	0
119	0	0	0	0	0	0	0	0	0	0
120	0	0	0	0	0	0	0	0	0	0
121	0	0	0	0	0	0	0	0	0	0
122	0	0	0	0	0	0	0	0	0	0
123	0	0	0	0	0	0	0	0	0	0
124	0	0	0	0	0	0	0	0	0	0
125	0	0	0	0	0	0	0	0	0	0
126	0	0	0	0	0	0	0	0	0	0
127	0	0	0	0	0	0	0	0	0	0
128	0	0	0	0	0	0	0	0	0	0
129	0	0	0	0	0	0	0	0	0	0
130	0	0	0	0	0	0	0	0	0	0
131	0	0	0	0	0	0	0	0	0	0
132	0	0	0	0	0	0	0	0	0	0
133	0	0	0	0	0	0	0	0	0	0
134	0	0	0	0	0	0	0	0	0	0
135	0	0	0	0	0	0	0	0	0	0
136	0	0	0	0	0	0	0	0	0	0
137	0	0	0	0	0	0	0	0	0	0
138	0	0	0	0	0	0	0	0	0	0
139	0	0	0	0	0	0	0	0	0	0
140	0	0	0	0	0	0	0	0	0	0
141	0	0	0	0	0	0	0	0	0	0
142	0	0	0	0	0	0	0	0	0	0
143	0	0	0	0	0	0	0	0	0	0
144	0	0	0	0	0	0	0	0	0	0
145	0	0	0	0	0	0	0	0	0	0
146	0	0	0	0	0	0	0	0	0	0
147	0	0	0	0	0	0	0	0	0	0
148	0	0	0	0	0	0	0	0	0	0
149	0	0	0	0	0	0	0	0	0	0
150	0	0	0	0	0	0	0	0	0	0
151	0	0	0	0	0	0	0	0	0	0
152	0	0	0	0	0	0	0	0	0	0
153	0	0	0	0	0	0	0	0	0	0
154	0	0	0	0	0	0	0	0	0	0
155	0	0	0	0	0	0	0	0	0	0
156	0	0	0	0	0	0	0	0	0	0
157	0	0	0	0	0	0	0	0	0	0
158	0	0	0	0	0	0	0	0	0	0
159	0	0	0	0	0	0	0	0	0	0
160	0	0	0	0	0	0	0	0	0	0
161	0	0	0	0	0	0	0	0	0	0
162	0	0	0	0	0	0	0	0	0	0
163	0	0	0	0	0	0	0	0	0	0
164	0	0	0	0	0	0	0	0	0	0
165	0	0	0	0	0	0	0	0	0	0
166	0	0	0	0	0	0	0	0	0	0
167	0	0	0	0	0	0	0	0	0	0
168	0	0	0	0	0	0	0	0	0	0
169	0	0	0	0	0	0	0	0	0	0
170	0	0	0	0	0	0	0	0	0	0
171	0	0	0	0	0	0	0	0	0	0
172	0	0	0	0	0	0	0	0	0	0
173	0	0	0	0	0	0	0	0	0	0
174	0	0	0	0	0	0	0	0	0	0
175	0	0	0	0	0	0	0	0	0	0
176	0	0	0	0	0	0	0	0	0	0
177	0	0	0	0	0	0	0	0	0	0
178	0	0	0	0	0	0	0	0	0	0
179	0	0	0	0	0	0	0	0	0	0
180	0	0	0	0	0	0	0	0	0	0
181	0	0	0	0	0	0	0	0	0	0
182	0	0	0	0	0	0	0	0	0	0
183	0	0	0	0	0	0	0	0	0	0
184	0	0	0	0	0	0	0	0	0	0
185	0	0	0	0	0	0	0	0	0	0
186	0	0	0	0	0	0	0	0	0	0
187	0	0	0	0	0	0	0	0	0	0
188	0	0	0	0	0	0	0	0	0	0
189	0	0	0	0	0	0	0	0	0	0
190	0	0	0	0	0	0	0	0	0	0
191	0	0	0	0	0	0	0	0	0	0
192	0	0	0	0	0	0	0	0	0	0
193	0	0	0	0	0	0	0	0	0	0
194	0	0	0	0	0	0	0	0	0	0
195	0	0	0	0	0	0	0	0	0	0
196	0	0	0	0	0	0	0	0	0	0
197	0	0	0	0	0	0	0	0	0	0
198	0	0	0	0	0	0	0	0	0	0
199	0	0	0	0	0	0	0	0	0	0
200	0	0	0	0	0	0	0	0	0	0
201	0	0	0	0	0	0	0	0	0	0
202	0	0	0	0	0	0	0	0	0	0
203	0	0	0	0	0	0	0	0	0	0
204	0	0	0	0	0	0	0	0	0	0
205	0	0	0	0	0	0	0	0	0	0
206	0	0	0	0	0	0	0	0	0	0
207	0	0	0	0	0	0	0	0	0	0
208	0	0	0	0	0	0	0	0	0	0
209	0	0	0	0	0	0	0	0	0	0
210	0	0	0	0	0	0	0	0	0	0
211	0	0	0	0	0	0	0	0	0	0
212	0	0	0	0	0	0	0	0	0	0
213	0	0	0	0	0	0	0	0	0	0
214	0	0	0	0	0	0	0	0	0	0
215	0	0	0	0	0	0	0	0	0	0
216	0	0	0	0	0	0	0	0	0	0
217	0	0	0	0	0	0	0	0	0	0
218	0	0	0	0	0	0	0	0	0	0
219	0	0	0	0	0	0	0	0	0	0
220	0	0	0	0	0	0	0	0	0	0
221	0	0	0	0	0	0	0	0	0	0
222	0	0	0	0	0	0	0	0	0	0
223	0	0	0	0	0	0	0	0	0	0
224	0	0	0	0	0	0	0	0	0	0
225	0	0	0	0	0	0	0	0	0	0
226	0	0	0	0	0	0	0	0	0	0
227	0	0	0	0	0	0	0	0	0	0
228	0	0	0	0	0	0	0	0	0	0
229	0	0	0	0	0	0	0	0	0	0
230	0	0	0	0	0	0	0	0	0	0
231	0	0	0	0	0	0	0	0	0	0
232	0	0	0	0	0	0	0	0	0	0
233	0	0	0	0	0	0	0	0	0	0
234	0	0	0	0	0	0	0	0	0	0
235	0	0	0	0	0	0	0	0	0	0
236	0	0	0	0	0	0	0	0	0	0
237	0	0	0	0	0	0	0	0	0	0
238	0	0	0	0	0	0	0	0	0	0
239	0	0	0	0	0	0	0	0	0	0
240	0	0	0	0	0	0	0	0	0	0
241	0	0	0	0	0	0	0	0	0	0
242	0	0	0	0	0	0	0	0	0	0
243	0	0	0	0	0	0	0	0	0	0
244	0	0	0	0	0	0	0	0	0	0
245	0	0	0	0	0	0	0	0	0	0
246	0	0	0	0	0	0	0	0	0	0
247	0	0	0	0	0	0	0	0	0	0
248	0	0	0	0	0	0	0	0	0	0
249	0	0	0	0	0	0	0	0	0	0
250	0	0	0	0	0	0	0	0	0	0
251	0	0	0	0	0	0	0	0	0	0
252	0	0	0	0	0	0	0	0	0	0
253	0	0	0	0	0	0	0	0	0	0
254	0	0	0	0	0	0	0	0	0	0
255	0	0	0	0	0	0	0	0	0	0
256	0	0	0	0	0	0	0	0	0	0
257	0	0	0	0	0	0	0	0	0	0
258	0	0	0	0	0	0	0	0	0	0
259	0	0	0	0	0	0	0	0	0	0
260	0	0	0	0	0	0	0	0	0	0
261	0	0	0	0	0	0	0	0	0	0
262	0	0	0	0	0	0	0	0	0	0
263	0	0	0	0	0	0	0	0	0	0
264	0	0	0	0	0	0	0	0	0	0
265	0	0	0	0	0	0	0	0	0	0
266	0	0	0	0	0	0	0	0	0	0
267	0	0	0	0	0	0	0	0	0	0
268	0	0	0	0	0	0	0	0	0	0
269	0	0	0	0	0	0	0	0	0	0
270	0	0	0	0	0	0	0	0	0	0
271	0	0	0	0	0	0	0	0	0	0
272	0	0	0	0	0	0	0	0	0	0
273	0	0	0	0	0	0	0	0	0	0
274	0	0	0	0	0	0	0	0	0	0
275	0	0	0	0	0	0	0	0	0	0
276	0	0	0	0	0	0	0	0	0	0
277	0	0	0	0	0	0	0	0	0	0
278	0	0	0	0	0	0	0	0	0	0
279	0	0	0	0	0	0	0	0	0	0
280	0	0	0	0	0	0	0	0	0	0
281	0	0	0	0	0	0	0	0	0	0
282	0	0	0	0	0	0	0	0	0	0
283	0	0	0	0	0	0	0	0	0	0
284	0	0	0	0	0	0	0	0	0	0
285	0	0	0	0	0	0	0	0	0	0
286	0	0	0	0	0	0	0	0	0	0
287	0	0	0	0	0	0	0	0	0	0
288	0	0	0	0	0	0	0	0	0	0
289	0	0	0	0	0	0	0	0	0	0
290	0	0	0	0	0	0	0	0	0	0
291	0	0	0	0	0	0	0	0	0	0
292	0	0	0	0	0	0	0	0	0	0
293	0	0	0	0	0	0	0	0	0	0
294	0	0	0	0	0	0	0	0	0	0
295	0	0	0	0	0	0	0	0	0	0
296	0	0	0	0	0	0	0	0	0	0
297	0	0	0	0	0	0	0	0	0	0
298	0	0	0	0	0	0	0	0	0	0
299	0	0	0	0	0	0	0	0	0	0
300	0	0	0	0	0	0	0	0	0	0
301	0	0	0	0	0	0	0	0	0	0
302	0	0	0	0	0	0	0	0	0	0
303	0	0	0	0	0	0	0	0	0	0
304	0	0	0	0	0	0	0	0	0	0
305	0	0	0	0	0	0	0	0	0	0
306	0	0	0	0	0	0	0	0	0	0
307	0	0	0	0	0	0	0	0	0	0
308	0	0	0	0	0	0	0	0	0	0
309	0	0	0	0	0	0	0	0	0	0
310	0	0	0	0	0	0	0	0	0	0
311	0	0	0	0	0	0	0	0	0	0
312	0	0	0	0	0	0	0	0	0	0
313	0	0	0	0	0	0	0	0	0	0
314	0	0	0	0	0	0	0	0	0	0
315	0	0	0	0	0	0	0	0	0	0
316	0	0	0	0	0	0	0	0	0	0
317	0	0	0	0	0	0	0	0	0	0
318	0	0	0	0	0	0	0	0	0	0
319	0	0	0	0	0	0	0	0	0	0
320	0	0	0	0	0	0	0	0	0	0
321	0	0	0	0	0	0	0	0	0	0
322	0	0	0	0	0	0	0	0	0	0
323	0	0	0	0	0	0	0	0	0	0
324	0	0	0	0	0	0	0	0	0	0
325	0	0	0	0	0	0	0	0	0	0
326	0	0	0	0	0	0	0	0	0	0
327	0	0	0	0	0	0	0	0	0	0
328	0	0	0	0	0	0	0	0	0	0
329	0	0	0	0	0	0	0	0	0	0
330	0	0	0	0	0	0	0	0	0	0
331	0	0	0	0	0	0	0	0	0	0
332	0	0	0	0	0	0	0	0	0	0
333	0	0	0	0	0	0	0	0	0	0
334	0	0	0	0	0	0	0	0	0	0
335	0	0	0	0	0	0	0	0	0	0
336	0	0	0	0	0	0	0	0	0	0
337	0	0	0	0	0	0	0	0	0	0
338	0	0	0	0	0	0	0	0	0	0
339	0	0	0	0	0	0	0	0	0	0
340	0	0	0	0	0	0	0	0	0	0
341	0	0	0	0	0	0	0	0	0	0
342	0	0	0	0	0	0	0	0	0	0
343	0	0	0	0	0	0	0	0	0	0
344	0	0	0	0	0	0	0	0	0	0
345	0	0	0	0	0	0	0	0	0	0
346	0	0	0	0	0	0	0	0	0	0
347	0	0	0	0	0	0	0	0	0	0
348	0	0	0	0	0	0	0	0	0	0
349	0	0	0	0	0	0	0	0	0	0
350	0	0	0	0	0	0	0	0	0	0
351	0	0	0	0	0	0	0	0	0	0
352	0	0	0	0	0	0	0	0	0	0
353	0	0	0	0	0	0	0	0	0	0
354	0	0	0	0	0	0	0	0	0	0
355	0	0	0	0	0	0	0	0	0	0
356	0	0	0	0	0	0	0	0	0	0
357	0	0	0	0	0	0	0	0	0	0
358	0	0	0	0	0	0	0	0	0	0
359	0	0	0	0	0	0	0	0	0	0
360	0	0	0	0	0	0	0	0	0	0
361	0	0	0	0	0	0	0	0	0	0
362	0	0	0	0	0	0	0	0	0	0
363	0	0	0	0	0	0	0	0	0	0
364	0	0	0	0	0	0	0	0	0	0
365	0	0	0	0	0	0	0	0	0	0
366	0	0	0	0	0	0	0	0	0	0
367	0	0	0	0	0	0	0	0	0	0
368	0	0	0	0	0	0	0	0	0	0
369	0	0	0	0	0	0	0	0	0	0
370	0	0	0	0	0	0	0	0	0	0
371	0	0	0	0	0	0	0	0	0	0
372	0	0	0	0	0	0	0	0	0	0
373	0	0	0	0	0	0	0	0	0	0
374	0	0	0	0	0	0	0	0	0	0
375	0	0	0	0	0	0	0	0	0	0
376	0	0	0	0	0	0	0	0	0	0
377	0	0	0	0	0	0	0	0	0	0
378	0	0	0	0	0	0	0	0	0	0
379	0	0	0	0	0	0	0	0	0	0
380	0	0	0	0	0	0	0	0	0	0
381	0	0	0	0	0	0	0	0	0	0
382	0	0	0	0	0	0	0	0	0	0
383	0	0	0	0	0	0	0	0	0	0
384	0	0	0	0	0	0	0	0	0	0
385	0	0	0	0	0	0	0	0	0	0
386	0	0	0	0	0	0	0	0	0	0
387	0	0	0	0	0	0	0	0	0	0
388	0	0	0	0	0	0	0	0	0	0
389	0	0	0	0	0	0	0	0	0	0
390	0	0	0	0	0	0	0	0	0	0
391	0	0	0	0	0	0	0	0	0	0
392	0	0	0	0	0	0	0	0	0	0
393	0	0	0	0	0	0	0	0	0	0
394	0	0	0	0	0	0	0	0	0	0
395	0	0	0	0	0	0	0	0	0	0
396	0	0	0	0	0	0	0	0	0	0
397	0	0	0	0	0	0	0	0	0	0
398	0	0	0	0	0	0	0	0	0	0
399	0	0	0	0	0	0	0	0	0	0
400	0	0	0	0	0	0	0	0	0	0
401	0	0	0	0	0	0	0	0	0	0
402	0	0	0	0	0	0	0	0	0	0
403	0	0	0	0	0	0	0	0	0	0
404	0	0	0	0	0	0	0	0	0	0
405	0	0	0	0	0	0	0	0	0	0
406	0	0	0	0	0	0	0	0	0	0
407	0	0	0	0	0	0	0	0	0	0
408	0	0	0	0	0	0	0	0	0	0
409	0	0	0	0	0	0	0	0	0	0
410	0	0	0	0	0	0	0	0	0	0
411	0	0	0	0	0	0	0	0	0	0
412	0	0	0	0	0	0	0	0	0	0
413	0	0	0	0	0	0	0	0	0	0
414	0	0	0	0	0	0	0	0	0	0
415	0	0	0	0	0	0	0	0	0	0
416	0	0	0	0	0	0	0	0	0	0
417	0	0	0	0	0	0	0	0	0	0
418	0	0	0	0	0	0	0	0	0	0
419	0	0	0	0	0	0	0	0	0	0
420	0	0	0	0	0	0	0	0	0	0
421	0	0	0	0	0	0	0	0	0	0
422	0	0	0	0	0	0	0	0	0	0
423	0	0	0	0	0	0	0	0	0	0
424	0	0	0	0	0	0	0	0	0	0
425	0	0	0	0	0	0	0	0	0	0
426	0	0	0	0	0	0	0	0	0	0
427	0	0	0	0	0	0	0	0	0	0
428	0	0	0	0	0	0	0	0	0	0
429	0	0	0	0	0	0	0	0	0	0
430	0	0	0	0	0	0	0	0	0	0
431	0	0	0	0	0	0	0	0	0	0
432	0	0	0	0	0	0	0	0	0	0
433	0	0	0	0	0	0	0	0	0	0
434	0	0	0	0	0	0	0	0	0	0
435	0	0	0	0	0	0	0	0	0	0
436	0	0	0	0	0	0	0	0	0	0
437	0	0	0	0	0	0	0	0	0	0
438	0	0	0	0	0	0	0	0	0	0
439	0	0	0	0	0	0	0	0	0	0
440	0	0	0	0	0	0	0	0	0	0
441	0	0	0	0	0	0	0	0	0	0
442	0	0	0	0	0	0	0	0	0	0
443	0	0	0	0	0	0	0	0	0	0
444	0	0	0	0	0	0	0	0	0	0
445	0	0	0	0	0	0	0	0	0	0
446	0	0	0	0	0	0	0	0	0	0
447	0	0	0	0	0	0	0	0	0	0
448	0	0	0	0	0	0	0	0	0	0
449	0	0	0	0	0	0	0	0	0	0
450	0	0	0	0	0	0	0	0	0	0
451	0	0	0	0	0	0	0	0	0	0
452	0	0	0	0	0	0	0	0	0	0
453	0	0	0	0	0	0	0	0	0	0
454	0	0	0	0	0	0	0	0	0	0
455	0	0	0	0	0	0	0	0	0	0
456	0	0	0	0	0	0	0	0	0	0
457	0	0	0	0	0	0	0	0	0	0
458	0	0	0	0	0	0	0	0	0	0
459	0	0	0	0	0	0	0	0	0	0
460	0	0	0	0	0	0	0	0	0	0
461	0	0	0	0	0	0	0	0	0	0
462	0	0	0	0	0	0	0	0	0	0
463	0	0	0	0	0	0	0	0	0	0
464	0	0	0	0	0	0	0	0	0	0
465	0	0	0	0	0	0	0	0	0	0
466	0	0	0	0	0	0	0	0	0	0
467	0	0	0	0	0	0	0	0	0	0
468	0	0	0	0	0	0	0	0	0	0
469	0	0	0	0	0	0	0	0	0	0
470	0	0	0	0	0	0	0	0	0	0
471	0	0	0	0	0	0	0	0	0	0
472	0	0	0	0	0	0	0	0	0	0
473	0	0	0	0	0	0	0	0	0	0
474	0	0	0	0	0	0	0	0	0	0
475	0	0	0	0	0	0	0	0	0	0
476	0	0	0	0	0	0	0	0	0	0
477	0	0	0	0	0	0	0	0	0	0
478	0	0	0	0	0	0	0	0	0	0
479	0	0	0	0	0	0	0	0	0	0
480	0	0	0	0	0	0	0	0	0	0
481	0	0	0	0	0	0	0	0	0	0
482	0	0	0	0	0	0	0	0	0	0
483	0	0	0	0	0	0	0	0	0	0
484	0	0	0	0	0	0	0	0	0	0
485	0	0	0	0	0	0	0	0	0	0
486	0	0	0	0	0	0	0	0	0	0
487	0	0	0	0	0	0	0	0	0	0
488	0	0	0	0	0	0	0	0	0	0
489	0	0	0	0	0	0	0	0	0	0
490	0	0	0	0	0	0	0	0	0	0
491	0	0	0	0	0	0	0	0	0	0
492	0	0	0	0	0	0	0	0	0	0
493	0	0	0	0	0	0	0	0	0	0
494	0	0	0	0	0	0	0	0	0	0
495	0	0	0	0	0	0	0	0	0	0
496	0	0	0	0	0	0	0	0	0	0
497	0	0	0	0	0	0	0	0	0	0
498	0	0	0	0	0	0	0	0	0	0
499	0	0	0	0	0	0	0	0	0	0
500	0	0	0	0	0	0	0	0	0	0
501	0	0	0	0	0	0	0	0	0	0
502	0	0	0	0	0	0	0	0	0	0
503	0	0	0	0	0	0	0	0	0	0
504	0	0	0	0	0	0	0	0	0	0
505	0	0	0	0	0	0	0	0	0	0
506	0	0	0	0	0	0	0	0	0	0
507	0	0	0	0	0	0	0	0	0	0
508	0	0	0	0	0	0	0	0	0	0
509	0	0	0	0	0	0	0	0	0	0
510	0	0	0	0	0	0	0	0	0	0
511	0	0	0	0	0	0	0	0	0	0
512	0	0	0	0	0	0	0	0	0	0
513	0	0	0	0	0	0	0	0	0	0
514	0	0	0	0	0	0	0	0	0	0
515	0	0	0	0	0	0	0	0	0	0
516	0	0	0	0	0	0	0	0	0	0
517	0	0	0	0	0	0	0	0	0	0
518	0	0	0	0	0	0	0	0	0	0
519	0	0	0	0	0	0	0	0	0	0
520	0	0	0	0	0	0	0	0	0	0
521	0	0	0	0	0	0	0	0	0	0
522	0	0	0	0	0	0	0	0	0	0
523	0	0	0	0	0	0	0	0	0	0
524	0	0	0	0	0	0	0	0	0	0
525	0	0	0	0	0	0	0	0	0	0
526	0	0	0	0	0	0	0	0	0	0
527	0	0	0	0	0	0	0	0	0	0
528	0	0	0	0	0	0	0	0	0	0
529	0	0	0	0	0	0	0	0	0	0
530	0	0	0	0	0	0	0	0	0	0
531	0	0	0	0	0	0	0	0	0	0
532	0	0	0	0	0	0	0	0	0	0
533	0	0	0	0	0	0	0	0	0	0
534	0	0	0	0	0	0	0	0	0	0
535	0	0	0	0	0	0	0	0	0	0
536	0	0	0	0	0	0	0	0	0	0
537	0	0	0	0	0	0	0	0	0	0
538	0	0	0	0	0	0	0	0	0	0
539	0	0	0	0	0	0	0	0	0	0
540	0	0	0	0	0	0	0	0	0	0
541	0	0	0	0	0	0	0	0	0	0
542	0	0	0	0	0	0	0	0	0	0
543	0	0	0	0	0	0	0	0	0	0
544	0	0	0	0	0	0	0	0	0	0
545	0	0	0	0	0	0	0	0	0	0
546	0	0	0	0	0	0	0	0	0	0
547	0	0	0	0	0	0	0	0	0	0
548	0	0	0	0	0	0	0	0	0	0
549	0	0	0	0	0	0	0	0	0	0
550	0	0	0	0	0	0	0	0	0	0
551	0	0	0	0	0	0	0	0	0	0
552	0	0	0	0	0	0	0	0	0	0
553	0	0	0	0	0	0	0	0	0	0
554	0	0	0	0	0	0	0	0	0	0
555	0	0	0	0	0	0	0	0	0	0
556	0	0	0	0	0	0	0	0	0	0
557	0	0	0	0	0	0	0	0	0	0
558	0	0	0	0	0	0	0	0	0	0
559	0	0	0	0	0	0	0	0	0	0
560	0	0	0	0	0	0	0	0	0	0
561	0	0	0	0	0	0	0	0	0	0
562	0	0	0	0	0	0	0	0	0	0
563	0	0	0	0	0	0	0	0	0	0
564	0	0	0	0	0	0	0	0	0	0
565	0	0	0	0	0	0	0	0	0	0
566	0	0	0	0	0	0	0	0	0	0
567	0	0	0	0	0	0	0	0	0	0
568	0	0	0	0	0	0	0	0	0	0
569	0	0	0	0	0	0	0	0	0	0
570	0	0	0	0	0	0	0	0	0	0
571	0	0	0	0	0	0	0	0	0	0
572	0	0	0	0	0	0	0	0	0	0
573	0	0	0	0	0	0	0	0	0	0
574	0	0	0	0	0	0	0	0	0	0
575	0	0	0	0	0	0	0	0	0	0
576	0	0	0	0	0	0	0	0	0	0
577	0	0	0	0	0	0	0	0	0	0
578	0	0	0	0	0	0	0	0	0	0
579	0	0	0	0	0	0	0	0	0	0
580	0	0	0	0	0	0	0	0	0	0
581	0	0	0	0	0	0	0	0	0	0
582	0	0	0	0	0	0	0	0	0	0
583	0	0	0	0	0	0	0	0	0	0
584	0	0	0	0	0	0	0	0	0	0
585	0	0	0	0	0	0	0	0	0	0
586	0	0	0	0	0	0	0	0	0	0
587	0	0	0	0	0	0	0	0	0	0
588	0	0	0	0	0	0	0	0	0	0
589	0	0	0	0	0	0	0	0	0	0
590	0	0	0	0	0	0	0	0	0	0
591	0	0	0	0	0	0	0	0	0	0
592	0	0	0	0	0	0	0	0	0	0
593	0	0	0	0	0	0	0	0	0	0
594	0	0	0	0	0	0	0	0	0	0
595	0	0	0	0	0	0	0	0	0	0
596	0	0	0	0	0	0	0	0	0	0
597	0	0	0	0	0	0	0	0	0	0
598	0	0	0	0	0	0	0	0	0	0
599	0	0	0	0	0	0	0	0	0	0
600	0	0	0	0	0	0	0	0	0	0
601	0	0	0	0	0	0	0	0	0	0
602	0	0	0	0	0	0	0	0	0	0
603	0	0	0	0	0	0	0	0	0	0
604	0	0	0	0	0	0	0	0	0	0
605	0	0	0	0	0	0	0	0	0	0
606	0	0	0	0	0	0	0	0	0	0
607	0	0	0	0	0	0	0	0	0	0
608	0	0	0	0	0	0	0	0	0	0
609	0	0	0	0	0	0	0	0	0	0
610	0	0	0	0	0	0	0	0	0	0
611	0	0	0	0	0	0	0	0	0	0
612	0	0	0	0	0	0	0	0	0	0
613	0	0	0	0	0	0	0	0	0	0
614	0	0	0	0	0	0	0	0	0	0
615	0	0	0	0	0	0	0	0	0	0
616	0	0	0	0	0	0	0	0	0	0
617	0	0	0	0	0	0	0	0	0	0
618	0	0	0	0	0	0	0	0	0	0
619	0	0	0	0	0	0	0	0	0	0
620	0	0	0	0	0	0	0	0	0	0
621	0	0	0	0	0	0	0	0	0	0
622	0	0	0	0	0	0	0	0	0	0
623	0	0	0	0	0	0	0	0	0	0
624	0	0	0	0	0	0	0	0	0	0
625	0	0	0	0	0	0	0	0	0	0
626	0	0	0	0	0	0	0	0	0	0
627	0	0	0	0	0	0	0	0	0	0
628	0	0	0	0	0	0	0	0	0	0
629	0	0	0	0	0	0	0	0	0	0
630	0	0	0	0	0	0	0	0	0	0
631	0	0	0	0	0	0	0	0	0	0
632	0	0	0	0	0	0	0	0	0	0
633	0	0	0	0	0	0	0	0	0	0
634	0	0	0	0	0	0	0	0	0	0
635	0	0	0	0	0	0	0	0	0	0
636	0	0	0	0	0	0	0	0	0	0
637	0	0	0	0	0	0	0	0	0	0
638	0	0	0	0	0	0	0	0	0	0
639	0	0	0	0	0	0	0	0	0	0
640	0	0	0	0	0	0	0	0	0	0
641	0	0	0	0	0	0	0	0	0	0
642	0	0	0	0	0	0	0	0	0	0
643	0	0	0	0	0	0	0	0	0	0
644	0	0	0	0	0	0	0	0	0	0
645	0	0	0	0	0	0	0	0	0	0
646	0	0	0	0	0	0	0	0	0	0
647	0	0	0	0	0	0	0	0	0	0
648	0	0	0	0	0	0	0	0	0	0
649	0	0	0	0	0	0	0	0	0	0
650	0	0	0	0	0	0	0	0	0	0
651	0	0	0	0	0	0	0	0	0	0
652	0	0	0	0	0	0	0	0	0	0
653	0	0	0	0	0	0	0	0	0	0
654	0	0	0	0	0	0	0	0	0	0
655	0	0	0	0	0	0	0	0	0	0
656	0	0	0	0	0	0	0	0	0	0
657	0	0	0	0	0	0	0	0	0	0
658	0	0	0	0	0	0	0	0	0	0
659	0	0	0	0	0	0	0	0	0	0
660	0	0	0	0	0	0	0	0	0	0
661	0	0	0	0	0	0	0	0	0	0
662	0	0	0	0	0	0	0	0	0	0
663	0	0	0	0	0	0	0	0	0	0
664	0	0	0	0	0	0	0	0	0	0
665	0	0	0	0	0	0	0	0	0	0
666	0	0	0	0	0	0	0	0	0	0
667	0	0	0	0	0	0	0	0	0	0
668	0	0	0	0	0	0	0	0	0	0
669	0	0	0	0	0	0	0	0	0	0
670	0	0	0	0	0	0	0	0	0	0
671	0	0	0	0	0	0	0	0	0	0
672	0	0	0	0	0	0	0	0	0	0
673	0	0	0	0	0	0	0	0	0	0
674	0	0	0	0	0	0	0	0	0	0
675	0	0	0	0	0	0	0	0	0	0
676	0	0	0	0	0	0	0	0	0	0
677	0	0	0	0	0	0	0	0	0	0
678	0	0	0	0	0	0	0	0	0	0
679	0	0	0	0	0	0	0	0	0	0
680	0	0	0	0	0	0	0	0	0	0
681	0	0	0	0	0	0	0	0	0	0
682	0	0	0	0	0	0	0	0	0	0
683	0	0	0	0	0	0	0	0	0	0
684	0	0	0	0	0	0	0	0	0	0
685	0	0	0	0	0	0	0	0	0	0
686	0	0	0	0	0	0	0	0	0	0
687	0	0	0	0	0	0	0	0	0	0
688	0	0	0	0	0	0	0	0	0	0
689	0	0	0	0	0	0	0	0	0	0
690	0	0	0	0	0	0	0	0	0	0
691	0	0	0	0	0	0	0	0	0	0
692	0	0	0	0	0	0	0	0	0	0
693	0	0	0	0	0	0	0	0	0	0
694	0	0	0	0	0	0	0	0	0	0
695	0	0	0	0	0	0	0	0	0	0
696	0	0	0	0	0	0	0	0	0	0
697	0	0	0	0	0	0	0	0	0	0
698	0	0	0	0	0	0	0	0	0	0
699	0	0	0	0	0	0	0	0	0	0
700	0	0	0	0	0	0	0	0	0	0
701	0	0	0	0	0	0	0	0	0	0
702	0	0	0	0	0	0	0	0	0	0
703	0	0	0	0	0	0	0	0	0	0
704	0	0	0	0	0	0	0	0	0	0
705	0	0	0	0	0	0	0	0	0	0
706	0	0	0	0	0	0	0	0	0	0
707	0	0	0	0	0	0	0	0	0	0
708	0	0	0	0	0	0	0	0	0	0
709	0	0	0	0	0	0	0	0	0	0
710	0	0	0	0	0	0	0	0	0	0
711	0	0	0	0	0	0	0	0	0	0
712	0	0	0	0	0	0	0	0	0	0
713	0	0	0	0	0	0	0	0	0	0
714	0	0	0	0	0	0	0	0	0	0
715	0	0	0	0	0	0	0	0	0	0
716	0	0	0	0	0	0	0	0	0	0
717	0	0	0	0	0	0	0	0	0	0
718	0	0	0	0	0	0	0	0	0	0
719	0	0	0	0	0	0	0	0	0	0
720	0	0	0	0	0	0	0	0	0	0
721	0	0	0	0	0	0	0	0	0	0
722	0	0	0	0	0	0	0	0	0	0
723	0	0	0	0	0	0	0	0	0	0
724	0	0	0	0	0	0	0	0	0	0
725	0	0	0	0	0	0	0	0	0	0
726	0	0	0	0	0	0	0	0	0	0
727	0	0	0	0	0	0	0	0	0	0
728	0	0	0	0	0	0	0	0	0	0
729	0	0	0	0	0	0	0	0	0	0
730	0	0	0	0	0	0	0	0	0	0
731	0	0	0	0	0	0	0	0	0	0
732	0	0	0	0	0	0	0	0	0	0
733	0	0	0	0	0	0	0	0	0	0
734	0	0	0	0	0	0	0	0	0	0
735	0	0	0	0	0	0	0	0	0	0
736	0	0	0	0	0	0	0	0	0	0
737	0	0	0	0	0	0	0	0	0	0
738	0	0	0	0	0	0	0	0	0	0
739	0	0	0	0	0	0	0	0	0	0
740	0	0	0	0	0	0	0	0	0	0
741	0	0	0	0	0	0	0	0	0	0
742	0	0	0	0	0	0	0	0	0	0
743	0	0	0	0	0	0	0	0	0	0
744	0	0	0	0	0	0	0	0	0	0
745	0	0	0	0	0	0	0	0	0	0
746	0	0	0	0	0	0	0	0	0	0
747	0	0	0	0	0	0	0	0	0	0
748	0	0	0	0	0	0	0	0	0	0
749	0	0	0	0	0	0	0	0	0	0
750	0	0	0	0	0	0	0	0	0	0
751	0	0	0	0	0	0	0	0	0	0
752	0	0	0	0	0	0	0	0	0	0
753	0	0	0	0	0	0	0	0	0	0
754	0	0	0	0	0	0	0	0	0	0
755	0	0	0	0	0	0	0	0	0	0
756	0	0	0	0	0	0	0	0	0	0
757	0	0	0	0	0	0	0	0	0	0
758	0	0	0	0	0	0	0	0	0	0
759	0	0	0	0	0	0	0	0	0	0
760	0	0	0	0	0	0	0	0	0	0
761	0	0	0	0	0	0	0	0	0	0
762	0	0	0	0	0	0	0	0	0	0
763	0	0	0	0	0	0	0	0	0	0
764	0	0	0	0	0	0	0	0	0	0
765	0	0	0	0	0	0	0	0	0	0
766	0	0	0	0	0	0	0	0	0	0
767	0	0	0	0	0	0	0	0	0	0
768	0	0	0	0	0	0	0	0	0	0
769	0	0	0	0	0	0	0	0	0	0
770	0	0	0	0	0	0	0	0	0	0
771	0	0	0	0	0	0	0	0	0	0
772	0	0	0	0	0	0	0	0	0	0
773	0	0	0	0	0	0	0	0	0	0
774	0	0	0	0	0	0	0	0	0	0
775	0	0	0	0	0	0	0	0	0	0
776	0	0	0	0	0	0	0	0	0	0
777	0	0	0	0	0	0	0	0	0	0
778	0	0	0	0	0	0	0	0	0	0
779	0	0	0	0	0	0	0	0	0	0
780	0	0	0	0	0	0	0	0	0	0
781	0	0	0	0	0	0	0	0	0	0
782	0	0	0	0	0	0	0	0	0	0
783	0	0	0	0	0	0	0	0	0	0
784	0	0	0	0	0	0	0	0	0	0
785	0	0	0	0	0	0	0	0	0	0
786	0	0	0	0	0	0	0	0	0	0
787	0	0	0	0	0	0	0	0	0	0
788	0	0	0	0	0	0	0	0	0	0
789	0	0	0	0	0	0	0	0	0	0
790	0	0	0	0	0	0	0	0	0	0
791	0	0	0	0	0	0	0	0	0	0
792	0	0	0	0	0	0	0	0	0	0
793	0	0	0	0	0	0	0	0	0	0
794	0	0	0	0	0	0	0	0	0	0
795	0	0	0	0	0	0	0	0	0	0
796	0	0	0	0	0	0	0	0	0	0
797	0	0	0	0	0	0	0	0	0	0
798	0	0	0	0	0	0	0	0	0	0
799	0	0	0	0	0	0	0	0	0	0
800	0	0	0	0	0	0	0	0	0	0
801	0	0	0	0	0	0	0	0	0	0
802	0	0	0	0	0	0	0	0	0	0
803	0	0	0	0	0	0	0	0	0	0
804	0	0	0	0	0	0	0	0	0	0
805	0	0	0	0	0	0	0	0	0	0
806	0	0	0	0	0	0	0	0	0	0
807	0	0	0	0	0	0	0	0	0	0
808	0	0	0	0	0	0	0	0	0	0
809	0	0	0	0	0	0	0	0	0	0
810	0	0	0	0	0	0	0	0	0	0
811	0	0	0	0	0	0	0	0	0	0
812	0	0	0	0	0	0	0	0	0	0
813	0	0	0	0	0	0	0	0	0	0
814	0	0	0	0	0	0	0	0	0	0
815	0	0	0	0	0	0	0	0	0	0
816	0	0	1	0	0	0	0	0	0	0
817	0	0	2	0	0	0	0	0	0	0
818	0	0	3	0	0	0	0	0	0	0
819	0	0	4	0	0	0	0	0	0	0
820	0	0	5	0	0	0	0	0	0	0
821	0	0	6	0	0	0	0	0	0	0
822	0	0	6	0	0	0	0	0	0	0
823	0	0	5	0	0	0	0	0	0	0
824	0	0	5	0	0	0	0	0	0	0
825	0	0	5	0	0	0	0	0	0	0
826	0	0	5	0	0	0	0	0	0	0
827	0	0	5	0	0	0	0	0	0	0
828	0	0	5	0	0	0	0	0	0	0
829	0	0	5	0	0	0	0	0	0	0
830	0	0	5	0	0	0	0	0	0	0
831	0	0	5	0	0	0	0	0	0	0
832	0	0	5	0	0	0	0	0	0	0
833	0	0	5	0	0	0	0	0	0	0
834	0	0	5	0	0	0	0	0	0	0
835	0	0	5	0	0	0	0	0	0	0
836	0	0	5	0	0	0	0	0	0	0
837	0	0	5	0	0	0	0	0	0	0
838	0	0	5	0	0	0	0	0	0	0
839	0	0	5	0	0	0	0	0	0	0
840	0	0	5	0	0	0	0	0	0	0
841	0	0	5	0	0	0	0	0	0	0
842	0	0	5	0	0	0	0	0	0	0
843	0	0	5	0	0	0	0	0	0	0
844	0	0	5	0	0	0	0	0	0	0
845	0	0	5	0	0	0	0	0	0	0
846	0	0	5	0	0	0	0	0	0	0
847	0	0	5	0	0	0	0	0	0	0
848	0	0	5	0	0	0	0	0	0	0
849	0	0	5	0	0	0	0	0	0	0
850	0	0	5	0	0	0	0	0	0	0
851	0	0	5	0	0	0	0	0	0	0
852	0	0	5	0	0	0	0	0	0	0
853	0	0	5	0	0	0	0	0	0	0
854	0	0	5	0	0	0	0	0	0	0
855	0	0	5	0	0	0	0	0	0	0
856	0	0	5	0	0	0	0	0	0	0
857	0	0	5	0	0	0	0	0	0	0
858	0	0	5	0	0	0	0	0	0	0
859	0	0	5	0	0	0	0	0	0	0
860	0	0	5	0	0	0	0	0	0	0
861	0	0	5	0	0	0	0	0	0	0
862	0	0	5	0	0	0	0	0	0	0
863	0	0	5	0	0	0	0	0	0	0
864	0	0	5	0	0	0	0	0	0	0
865	0	0	5	0	0	0	0	0	0	0
866	0	0	5	0	0	0	0	0	0	0
867	0	0	5	0	0	0	0	0	0	0
868	0	0	5	0	0	0	0	0	0	0
869	0	0	5	0	0	0	0	0	0	0
870	0	0	5	0	0	0	0	0	0	0
871	0	0	5	0	0	0	0	0	0	0
872	0	0	5	0	0	0	0	0	0	0
873	0	0	5	0	0	0	0	0	0	0
874	0	0	5	0	0	0	0	0	0	0
875	0	0	5	0	0	0	0	0	0	0
876	0	0	5	0	0	0	0	0	0	0
877	0	0	5	0	0	0	0	0	0	0
878	0	0	5	0	0	0	0	0	0	0
879	0	0	5	0	0	0	0	0	0	0
880	0	0	5	0	0	0	0	0	0	0
881	0	0	5	0	0	0	0	0	0	0
882	0	0	5	0	0	0	0	0	0	0
883	0	0	5	0	0	0	0	0	0	0
884	0	0	5	0	0	0	0	0	0	0
885	0	0	5	0	0	0	0	0	0	0
886	0	0	5	0	0	0	0	0	0	0
887	0	0	5	0	0	0	0	0	0	0
888	0	0	5	0	0	0	0	0	0	0
889	0	0	5	0	0	0	0	0	0	0
890	0	0	5	0	0	0	0	0	0	0
891	0	0	5	0	0	0	0	0	0	0
892	0	0	5	0	0	0	0	0	0	0
893	0	0	5	0	0	0	0	0	0	0
894	0	0	5	0	0	0	0	0	0	0
895	0	0	5	0	0	0	0	0	0	0
896	0	0	5	0	0	0	0	1	0	0
897	0	0	5	0	0	0	0	2	0	0
898	0	0	5	0	0	0	0	3	0	0
899	0	0	5	0	0	0	0	4	0	0
900	0	0	5	0	0	0	0	5	0	0
901	0	0	5	0	0	0	0	5	0	0
902	0	0	5	0	0	0	0	5	0	0
903	0	0	5	0	0	0	0	5	0	0
904	0	0	5	0	0	0	0	5	0	0
905	0	0	5	0	0	0	0	5	0	0
906	0	0	5	0	0	0	0	5	0	0
907	0	0	5	0	0	0	0	5	0	0
908	0	0	5	0	0	0	0	5	0	0
909	0	0	5	0	0	0	0	5	0	0
910	0	0	5	0	0	0	0	5	0	0
911	0	0	5	0	0	0	0	5	0	0
912	0	0	5	0	0	0	0	5	0	0
913	0	0	5	0	0	0	0	5	0	0
914	0	0	5	0	0	0	0	5	0	0
915	0	0	5	0	0	0	0	5	0	0
916	0	0	5	0	0	0	0	5	0	0
917	0	0	5	0	0	0	0	5	0	0
918	0	0	5	0	0	0	0	5	0	0
919	0	0	5	0	0	0	0	5	0	0
920	0	0	5	0	0	0	0	5	0	0
921	0	0	5	0	0	0	0	5	0	0
922	0	0	5	0	0	0	0	5	0	0
923	0	0	5	0	0	0	0	5	0	0
924	0	0	5	0	0	0	0	5	0	0
925	0	0	5	0	0	0	0	5	0	0
926	0	0	5	0	0	0	0	5	0	0
927	0	0	5	0	0	0	0	5	0	0
928	0	0	5	0	0	0	0	5	0	0
929	0	0	5	0	0	0	0	5	0	0
930	0	0	5	0	0	0	0	5	0	0
931	0	0	5	0	0	0	0	5	0	0
932	0	0	5	0	0	0	0	5	0	0
933	0	0	5	0	0	0	0	5	0	0
934	0	0	6	0	0	0	0	5	0	0
935	0	0	6	0	0	0	0	5	0	0
936	0	0	6	0	0	0	0	5	0	0
937	0	0	6	0	0	0	0	5	0	0
938	0	0	6	0	0	0	0	5	0	0
939	0	0	6	0	0	0	0	5	0	0
940	0	0	6	0	0	0	0	5	0	0
941	0	0	6	0	0	0	0	5	0	0
942	0	0	5	0	0	0	0	5	0	0
943	0	0	5	0	0	0	0	5	0	0
944	0	0	5	0	0	0	0	5	0	0
945	0	0	5	0	0	0	0	5	0	0
946	0	0	5	0	0	0	0	5	0	0
947	0	0	5	0	0	0	0	5	0	0
948	0	0	5	0	0	0	0	5	0	0
949	0	0	5	0	0	0	0	5	0	0
950	0	0	5	0	0	0	0	5	0	0
951	0	0	5	0	0	0	0	5	0	0
952	0	0	5	0	0	0	0	5	0	0
953	0	0	5	0	0	0	0	5	0	0
954	0	0	5	0	0	0	0	5	0	0
955	0	0	5	0	0	0	0	5	0	0
956	0	0	5	0	0	0	0	5	0	0
957	0	0	5	0	0	0	0	5	0	0
958	0	0	5	0	0	0	0	5	0	0
959	0	0	5	0	0	0	0	5	0	0
960	0	0	5	0	0	0	0	5	0	0
961	0	0	5	0	0	0	0	5	0	0
962	0	0	5	0	0	0	0	5	0	0
963	0	0	5	0	0	0	0	5	0	0
964	0	0	5	0	0	0	0	5	0	0
965	0	0	5	0	0	0	0	5	0	0
966	0	0	5	0	0	0	0	5	0	0
967	0	0	5	0	0	0	0	5	0	0
968	0	0	5	0	0	0	0	5	0	0
969	0	0	5	0	0	0	0	5	0	0
970	0	0	5	0	0	0	0	5	0	0
971	0	0	5	0	0	0	0	5	0	0
972	0	0	5	0	0	0	0	5	0	0
973	0	0	5	0	0	0	0	5	0	0
974	0	0	5	0	0	0	0	5	0	0
975	0	0	5	0	0	0	0	5	0	0
976	0	0	5	1	0	1	0	5	0	0
977	0	0	5	2	0	2	0	6	0	0
978	0	0	5	3	0	2	0	6	0	0
979	0	0	5	4	0	2	0	6	0	0
980	0	0	5	5	0	2	0	6	0	0
981	0	0	5	6	0	2	0	6	0	0
982	0	0	5	6	0	2	0	6	0	0
983	0	0	5	5	0	2	0	6	0	0
984	0	0	5	5	0	2	0	6	0	0
985	0	0	5	5	0	2	0	6	0	0
986	0	0	5	5	0	2	0	6	0	0
987	0	0	5	5	0	2	0	6	0	0
988	0	0	5	5	0	2	0	6	0	0
989	0	0	5	5	0	2	0	6	0	0
990	0	0	5	5	0	2	0	6	0	0
991	0	0	5	5	0	2	0	5	0	0
992	0	0	5	5	0	2	0	5	0	0
993	0	0	5	5	0	2	0	5	0	0
994	0	0	5	5	0	2	0	5	0	0
995	0	0	5	5	0	2	0	5	0	0
996	0	0	5	5	0	2	0	5	0	0
997	0	0	5	5	0	2	0	5	0	0
998	0	0	5	5	0	2	0	5	0	0
999	0	0	5	5	0	2	0	5	0	0
1000	0	0	5	5	0	2	0	5	0	0
1001	0	0	5	5	0	2	0	5	0	0
1002	0	0	5	5	0	2	0	5	0	0
1003	0	0	5	5	0	2	0	5	0	0
1004	0	0	5	5	0	2	0	5	0	0
1005	0	0	5	5	0	2	0	5	0	0
1006	0	0	5	5	0	2	0	5	0	0
1007	0	0	5	5	0	2	0	5	0	0
1008	0	0	5	5	0	2	0	5	0	0
1009	0	0	5	5	0	2	0	5	0	0
1010	0	0	5	5	0	2	0	5	0	0
1011	0	0	5	5	0	2	0	5	0	0
1012	0	0	5	5	0	2	0	5	0	0
1013	0	0	5	5	0	2	0	5	0	0
1014	0	0	5	5	0	2	0	5	0	0
1015	0	0	5	5	0	2	0	5	0	0
1016	0	0	5	5	0	2	0	5	0	0
1017	0	0	5	5	0	2	0	5	0	0
1018	0	0	5	5	0	2	0	5	0	0
1019	0	0	5	5	0	2	0	5	0	0
1020	0	0	5	5	0	2	0	5	0	0
1021	0	0	5	5	0	2	0	5	0	0
1022	0	0	5	5	0	2	0	5	0	0
1023	0	0	5	5	0	2	0	5	0	0
1024	0	0	5	5	0	2	0	5	0	0
1025	0	0	5	5	0	2	0	5	0	0
1026	0	0	5	5	0	2	0	5	0	0
1027	0	0	5	5	0	2	0	5	0	0
1028	0	0	5	5	0	2	0	5	0	0
1029	0	0	5	5	0	2	0	5	0	0
1030	0	0	5	5	0	2	0	5	0	0
1031	0	0	5	5	0	2	0	5	0	0
1032	0	0	5	5	0	2	0	5	0	0
1033	0	0	5	5	0	2	0	5	0	0
1034	0	0	5	5	0	2	0	5	0	0
1035	0	0	5	5	0	2	0	5	0	0
1036	0	0	5	5	0	2	0	5	0	0
1037	0	0	5	5	0	2	0	5	0	0
1038	0	0	5	5	0	2	0	5	0	0
1039	0	0	5	5	0	2	0	5	0	0
1040	0	0	5	5	0	2	0	5	0	0
1041	0	0	5	5	0	2	0	5	0	0
1042	0	0	5	5	0	2	0	5	0	0
1043	0	0	5	5	0	2	0	5	0	0
1044	0	0	5	5	0	2	0	5	0	0
1045	0	0	5	5	0	2	0	5	0	0
1046	0	0	5	5	0	2	0	5	0	0
1047	0	0	5	5	0	2	0	5	0	0
1048	0	0	5	5	0	2	0	5	0	0
1049	0	0	5	5	0	2	0	5	0	0
1050	0	0	5	5	0	2	0	5	0	0
1051	0	0	5	5	0	2	0	5	0	0
1052	0	0	6	5	0	2	0	5	0	0
1053	0	0	6	5	0	2	0	5	0	0
1054	0	0	6	5	0	2	0	5	0	0
1055	0	0	6	5	0	2	0	5	0	0
1056	1	0	6	6	0	2	0	5	1	1
1057	2	0	6	7	0	2	0	6	5	2
1058	2	0	6	7	0	2	0	6	7	3
1059	2	0	6	7	0	2	0	6	8	4
1060	2	0	6	7	0	2	0	6	9	4
1061	2	0	5	7	0	2	0	6	9	4
1062	2	0	5	7	0	2	0	5	9	4
1063	2	0	5	7	0	2	0	5	9	4
1064	2	0	5	7	0	2	0	5	9	4
1065	2	0	5	7	0	2	0	5	9	4
1066	2	0	5	7	0	2	0	5	9	4
1067	2	0	5	7	0	2	0	5	8	4
1068	2	0	5	7	0	2	0	5	8	4
1069	2	0	5	8	0	2	0	5	8	4
1070	2	0	5	9	0	2	0	5	7	4
1071	2	0	5	9	0	2	0	5	6	4
1072	2	0	5	9	0	2	0	5	5	4
1073	2	0	5	9	0	2	0	5	5	4
1074	2	0	5	9	0	2	0	5	5	4
1075	2	0	5	9	0	2	0	5	5	4
1076	2	0	5	9	0	2	0	5	5	4
1077	2	0	5	9	0	2	0	5	5	4
1078	2	0	5	9	0	2	0	5	5	4
1079	2	0	5	9	0	2	0	5	5	4
1080	2	0	5	9	0	2	0	5	5	4
1081	2	0	5	9	0	2	0	5	5	4
1082	2	0	5	9	0	2	0	5	5	4
1083	2	0	5	9	0	2	0	5	5	4
1084	2	0	5	8	0	2	0	5	5	4
1085	2	0	5	8	0	2	0	5	5	4
1086	2	0	5	8	0	2	0	5	5	4
1087	2	0	5	8	0	2	0	5	5	4
1088	2	0	5	8	0	2	0	5	5	4
1089	2	0	5	8	0	2	0	5	5	4
1090	2	0	5	8	0	2	0	5	5	4
1091	2	0	5	8	0	2	0	5	5	4
1092	2	0	5	8	0	2	0	5	5	4
1093	2	0	5	8	0	2	0	5	5	4
1094	2	0	5	8	0	2	0	5	5	4
1095	2	0	5	8	0	2	0	5	5	4
1096	2	0	5	8	0	2	0	5	5	4
1097	2	0	5	8	0	2	0	5	5	4
1098	2	0	5	8	0	2	0	5	5	4
1099	2	0	5	8	0	2	0	5	5	4
1100	2	0	5	8	0	2	0	5	5	4
1101	2	0	5	8	0	2	0	5	5	4
1102	2	0	5	8	0	2	0	5	5	4
1103	2	0	5	8	0	2	0	5	5	4
1104	2	0	5	8	0	2	0	5	5	4
1105	2	0	5	8	0	2	0	5	5	4
1106	2	0	5	8	0	2	0	5	5	4
1107	2	0	5	8	0	2	0	5	5	4
1108	2	0	5	8	0	2	0	5	5	4
1109	2	0	5	8	0	2	0	5	5	4
1110	2	0	5	8	0	2	0	5	5	4
1111	2	0	5	8	0	2	0	5	5	4
1112	2	0	5	8	0	2	0	5	5	4
1113	2	0	5	8	0	2	0	5	5	4
1114	2	0	5	8	0	2	0	5	5	4
1115	2	0	5	8	0	2	0	5	5	4
1116	2	0	5	8	0	2	0	5	5	4
1117	2	0	5	8	0	2	0	5	5	4
1118	2	0	5	8	0	2	0	5	5	4
1119	2	0	5	8	0	2	0	5	5	4
1120	2	0	5	8	0	2	0	5	5	4
1121	2	0	5	8	0	2	0	5	5	4
1122	2	0	5	8	0	2	0	5	5	4
1123	2	0	5	8	0	2	0	5	5	4
1124	2	0	5	8	0	2	0	5	5	4
1125	2	0	5	8	0	2	0	5	5	4
1126	2	0	5	8	0	2	0	5	5	4
1127	2	0	5	8	0	2	0	5	5	4
1128	2	0	5	8	0	2	0	5	5	4
1129	2	0	5	8	0	2	0	5	5	4
1130	2	0	5	8	0	2	0	5	5	4
1131	2	0	5	8	0	2	0	5	5	4
1132	2	0	5	7	0	2	0	5	5	4
1133	2	0	5	7	0	2	0	5	5	4
1134	2	0	5	7	0	2	0	5	5	4
1135	2	0	5	7	0	2	0	5	5	4
1136	2	0	5	8	0	2	0	5	6	4
1137	2	0	5	10	0	2	0	5	7	4
1138	2	0	5	11	0	2	0	6	7	4
1139	2	0	5	12	0	2	0	6	7	4
1140	2	0	5	12	0	2	0	6	7	4
1141	2	0	5	13	0	2	0	6	7	4
1142	2	0	5	13	0	2	0	6	7	4
1143	2	0	5	13	0	2	0	6	7	4
1144	2	0	5	12	0	2	0	6	7	4
1145	2	0	5	11	0	2	0	6	7	4
1146	2	0	5	11	0	2	0	6	7	4
1147	2	0	5	11	0	2	0	6	7	4
1148	2	0	5	11	0	2	0	6	7	4
1149	2	0	5	11	0	2	0	6	7	4
1150	2	0	5	11	0	2	0	6	7	4
1151	2	0	5	11	0	2	0	6	7	4
1152	2	0	5	11	0	2	0	6	7	4
1153	2	0	5	11	0	2	0	6	7	4
1154	2	0	5	11	0	2	0	6	7	4
1155	3	0	5	11	0	2	0	6	7	4
1156	4	0	5	11	0	2	0	6	7	4
1157	5	0	5	11	0	2	0	6	7	4
1158	6	0	5	11	0	2	0	5	7	4
1159	6	0	5	11	0	2	0	5	7	4
1160	5	0	5	11	0	2	0	5	7	4
1161	5	0	5	12	0	2	0	5	8	4
1162	5	0	5	12	0	2	0	5	8	4
1163	5	0	5	12	0	2	0	5	8	4
1164	5	0	5	11	0	2	0	5	8	4
1165	5	0	5	10	0	2	0	5	8	4
1166	5	0	5	10	0	2	0	5	8	4
1167	5	0	5	10	0	2	0	5	8	4
1168	5	0	5	10	0	2	0	5	8	4
1169	5	0	6	10	0	2	0	5	8	4
1170	5	0	6	10	0	2	0	5	8	4
1171	5	0	6	10	0	2	0	5	8	5
1172	5	0	5	10	0	2	0	5	8	6
1173	5	0	5	10	0	2	0	5	8	6
1174	5	0	5	10	0	2	0	5	8	6
1175	5	0	5	10	0	2	0	5	8	5
1176	5	0	5	10	0	2	0	5	8	5
1177	5	0	5	10	0	2	0	5	8	5
1178	5	0	5	10	0	2	0	5	8	5
1179	5	0	5	10	0	2	0	5	8	5
1180	5	0	5	10	0	2	0	5	8	5
1181	5	0	5	10	0	2	0	5	8	5
1182	5	0	5	10	0	2	0	5	8	5
1183	5	0	5	10	0	2	0	5	8	5
1184	5	0	5	10	0	2	0	5	8	5
1185	5	0	5	10	0	2	0	5	8	5
1186	5	0	5	10	0	2	0	5	8	5
1187	5	0	5	10	0	2	0	5	8	5
1188	5	0	5	10	0	2	0	5	8	5
1189	5	0	5	10	0	2	0	5	8	5
1190	5	0	5	10	0	2	0	5	8	5
1191	5	0	5	10	0	2	0	5	8	5
1192	5	0	5	10	0	2	0	5	8	5
1193	5	0	5	10	0	2	0	5	8	5
1194	5	0	5	10	0	2	0	5	8	5
1195	5	0	5	10	0	2	0	5	8	5
1196	5	0	5	10	0	2	0	5	8	5
1197	5	0	5	10	0	2	0	5	8	5
1198	5	0	5	10	0	2	0	5	8	5
1199	5	0	5	10	0	2	0	5	8	5
1200	0	0	0	0	0	2	0	0	0	0
1201	4	0	4	9	0	2	0	4	7	4
1202	5	0	5	10	0	2	0	5	8	4
1203	5	0	5	9	0	2	0	5	8	4
1204	5	0	5	8	0	2	0	5	8	4
1205	5	0	5	9	0	2	0	5	8	4
1206	5	0	5	9	0	2	0	5	8	4
1207	5	0	5	9	0	2	0	5	8	4
1208	5	0	5	9	0	2	0	5	8	4
1209	5	0	5	9	0	2	0	5	8	4
1210	5	0	5	9	0	2	0	5	8	4
1211	5	0	5	9	0	2	0	5	8	4
1212	5	0	5	9	0	2	0	5	8	4
1213	5	0	5	9	0	2	0	5	8	4
1214	5	0	5	9	0	2	0	5	8	4
1215	5	0	5	9	0	2	0	5	8	4
1216	5	0	5	10	1	2	0	6	9	5
1217	5	0	5	11	5	2	0	8	10	7
1218	5	0	5	13	8	2	0	10	11	8
1219	5	0	5	14	10	2	0	11	12	9
1220	5	0	5	15	11	2	0	11	12	9
1221	5	0	5	16	12	2	0	11	12	8
1222	5	0	5	16	12	2	0	10	11	8
1223	5	0	5	18	12	2	0	9	11	8
1224	5	0	5	20	12	2	0	8	11	8
1225	5	0	5	21	12	2	0	8	11	8
1226	5	0	5	19	12	2	0	8	11	8
1227	5	0	5	17	11	2	0	8	11	8
1228	5	0	5	16	11	2	0	8	11	8
1229	5	0	5	14	11	2	0	8	11	8
1230	5	0	5	14	11	2	0	8	11	8
1231	5	0	5	14	10	2	0	8	11	8
1232	5	0	5	14	9	2	0	8	11	8
1233	5	0	5	13	8	2	0	8	11	8
1234	5	0	5	12	8	2	0	8	11	8
1235	5	0	5	11	8	2	0	8	11	8
1236	5	0	5	11	8	2	0	8	11	8
1237	5	0	5	11	8	2	0	8	11	8
1238	5	0	5	11	8	2	0	8	11	8
1239	5	0	5	11	8	2	0	8	11	8
1240	5	0	5	11	8	2	0	7	11	8
1241	5	0	5	11	8	2	0	6	11	8
1242	5	0	5	11	8	2	0	5	11	8
1243	5	0	5	11	8	2	0	5	11	8
1244	5	0	5	11	8	2	0	5	11	8
1245	5	0	5	11	8	2	0	5	11	8
1246	5	0	5	11	8	2	0	5	11	8
1247	5	0	5	11	8	2	0	5	11	8
1248	5	0	5	11	8	2	0	5	11	8
1249	5	0	5	11	8	2	0	5	11	8
1250	5	0	5	11	8	2	0	5	11	8
1251	6	0	5	11	8	2	0	5	11	8
1252	6	0	5	11	8	2	0	5	11	8
1253	5	0	5	12	8	2	0	5	11	8
1254	5	0	5	12	8	2	0	5	11	8
1255	5	0	5	12	8	2	0	5	11	8
1256	5	0	5	12	8	2	0	5	11	8
1257	5	0	5	12	8	2	0	5	11	8
1258	5	0	5	12	8	2	0	5	11	8
1259	5	0	5	12	8	2	0	5	11	8
1260	5	0	5	12	8	2	0	5	11	8
1261	5	0	5	11	8	2	0	5	11	8
1262	5	0	5	11	8	2	0	5	11	8
1263	5	0	5	11	8	2	0	5	11	8
1264	5	0	5	11	8	2	0	5	11	8
1265	5	0	5	11	8	2	0	5	12	8
1266	5	0	5	11	8	2	0	5	12	8
1267	5	0	5	11	8	2	0	5	12	8
1268	5	0	5	11	8	2	0	5	12	8
1269	5	0	5	11	8	2	0	5	12	8
1270	5	0	5	11	8	2	0	5	13	8
1271	5	0	5	11	8	2	0	5	14	8
1272	5	0	5	11	8	2	0	5	15	8
1273	5	0	5	11	8	2	0	5	15	8
1274	5	0	5	11	8	2	0	5	14	8
1275	5	0	5	11	8	2	0	5	13	8
1276	5	0	5	11	8	2	0	5	12	8
1277	5	0	5	11	8	2	0	5	11	8
1278	5	0	5	11	8	2	0	5	11	8
1279	5	0	5	11	8	2	0	5	11	8
1280	5	0	5	11	8	2	0	5	11	8
1281	5	0	5	11	8	2	0	5	11	8
1282	5	0	5	11	8	2	0	5	11	8
1283	5	0	5	11	8	2	0	5	11	9
1284	5	0	5	11	8	2	0	5	11	9
1285	5	0	5	10	8	2	0	5	11	9
1286	5	0	6	10	8	2	0	5	11	9
1287	5	0	6	10	8	2	0	5	11	9
1288	5	0	6	10	8	2	0	5	11	9
1289	5	0	6	10	7	2	0	5	11	9
1290	5	0	6	10	7	2	0	5	11	9
1291	5	0	6	10	6	2	0	5	11	9
1292	5	0	6	10	6	2	0	5	11	9
1293	5	0	5	10	6	2	0	5	11	9
1294	5	0	5	10	6	2	0	5	11	9
1295	5	0	5	10	6	2	0	5	11	9
1296	6	2	6	14	8	2	1	5	11	9
1297	8	7	7	23	12	5	5	8	11	10
1298	10	12	8	30	15	8	7	10	11	10
1299	10	15	9	33	18	10	8	11	11	10
1300	10	17	9	33	20	11	8	12	11	10
1301	9	19	9	33	21	11	8	11	11	10
1302	9	20	8	32	22	11	8	11	11	10
1303	9	21	9	30	19	11	8	11	11	10
1304	9	19	9	28	17	11	8	11	11	10
1305	9	17	9	27	16	11	8	11	11	10
1306	9	16	8	27	15	11	8	11	11	10
1307	9	15	8	27	15	11	8	11	11	10
1308	9	15	8	27	15	10	8	11	11	10
1309	9	13	8	27	15	9	8	11	11	10
1310	9	11	8	27	15	8	8	11	11	10
1311	9	10	8	27	15	8	8	11	11	11
1312	8	9	8	26	15	8	8	11	12	12
1313	8	8	8	25	16	8	8	11	11	13
1314	8	8	8	25	16	8	8	11	11	16
1315	8	8	8	25	16	8	8	11	11	18
1316	9	8	8	25	16	8	8	11	11	20
1317	10	8	8	25	16	8	8	11	11	21
1318	11	8	7	24	15	8	8	11	11	22
1319	12	8	6	24	15	8	8	11	11	22
1320	12	8	5	24	15	8	8	11	11	20
1321	12	8	5	24	15	8	8	11	11	19
1322	12	8	5	24	15	8	8	11	11	18
1323	12	8	5	24	15	8	8	11	11	17
1324	12	8	5	24	15	7	7	11	11	16
1325	12	8	5	24	15	6	6	11	11	15
1326	12	8	5	24	15	5	5	11	11	15
1327	12	8	5	24	15	5	5	11	11	15
1328	12	8	5	24	15	5	5	11	11	15
1329	12	8	5	24	15	5	5	11	11	15
1330	10	7	5	24	15	5	5	11	11	15
1331	10	7	5	24	15	5	5	11	11	15
1332	10	7	5	24	15	5	5	11	11	15
1333	10	7	5	24	15	5	5	11	11	15
1334	10	7	5	24	15	5	5	11	11	15
1335	10	7	5	24	15	5	5	11	11	15
1336	10	7	5	24	15	5	5	11	11	15
1337	10	7	5	24	15	5	5	11	11	15
1338	10	7	5	24	15	5	5	10	11	15
1339	10	7	5	24	15	5	5	9	11	15
1340	10	7	5	24	15	5	5	8	11	15
1341	10	7	5	24	15	5	5	8	11	15
1342	10	7	5	24	15	5	5	8	11	15
1343	10	7	5	24	16	5	5	8	11	15
1344	10	7	5	24	16	5	5	8	11	15
1345	10	7	5	24	16	5	5	8	11	15
1346	10	7	5	24	16	5	5	8	11	15
1347	10	7	5	24	16	5	5	8	11	15
1348	11	7	5	24	16	5	5	8	11	15
1349	11	7	5	24	16	5	5	8	11	15
1350	11	7	5	24	15	5	5	8	11	15
1351	11	7	5	24	15	5	5	8	11	15
1352	11	7	5	24	15	5	5	8	11	15
1353	11	7	5	24	15	5	5	8	11	15
1354	11	7	5	24	15	5	5	8	11	15
1355	11	7	5	24	15	5	5	8	11	15
1356	11	7	5	24	15	5	5	8	11	15
1357	11	7	5	24	15	5	5	8	11	15
1358	11	7	5	24	15	5	5	8	11	15
1359	11	7	5	24	15	5	5	8	11	15
1360	11	7	5	24	15	5	5	8	11	15
1361	11	7	5	24	15	5	5	8	11	15
1362	10	6	5	23	15	5	5	8	11	15
1363	9	6	5	23	15	5	5	8	11	15
1364	9	6	5	23	15	5	5	8	10	15
1365	9	6	5	23	15	5	5	8	10	15
1366	9	6	5	22	15	5	5	8	10	15
1367	9	6	5	22	15	5	5	7	10	15
1368	0	0	0	0	0	0	0	0	0	0
1369	8	6	4	20	13	4	4	7	10	13
1370	10	7	5	24	15	5	4	8	11	14
1371	10	7	5	24	15	5	4	8	12	14
1372	10	7	5	24	15	5	4	7	12	14
1373	10	7	5	24	15	5	4	7	12	14
1374	9	7	5	24	15	5	4	7	12	14
1375	9	7	5	24	15	5	4	7	11	14
1376	16	8	11	28	18	8	6	9	12	16
1377	29	12	21	38	23	16	8	13	12	21
1378	37	15	30	44	27	21	11	16	13	26
1379	42	18	35	48	30	25	13	18	14	29
1380	44	20	37	51	30	28	14	18	15	31
1381	46	21	37	52	28	30	15	18	16	33
1382	46	20	37	51	28	31	16	17	16	34
1383	44	18	37	51	28	32	15	16	16	35
1384	40	17	37	50	27	32	15	14	16	34
1385	36	16	37	49	26	32	14	13	16	32
1386	33	15	37	48	25	29	13	12	16	30
1387	31	15	36	48	23	27	12	11	16	28
1388	30	15	34	48	21	26	12	11	16	27
1389	28	15	31	49	20	25	11	11	16	26
1390	27	15	29	49	19	25	11	11	15	25
1391	26	15	27	48	18	25	11	11	15	25
1392	25	15	26	48	18	25	11	11	15	25
1393	25	15	25	48	18	25	11	11	15	25
1394	25	15	25	48	18	25	11	11	15	25
1395	25	15	25	47	18	23	11	11	15	25
1396	25	14	25	45	18	21	11	11	15	25
1397	23	13	25	43	18	20	11	11	15	25
1398	21	12	25	42	18	19	11	11	15	25
1399	20	11	25	41	18	18	11	11	15	25
1400	19	11	25	41	18	18	11	11	15	25
1401	18	11	25	41	18	18	11	11	16	25
1402	18	11	25	41	18	18	11	11	16	25
1403	18	11	25	41	18	18	11	11	16	25
1404	18	11	25	41	18	18	11	11	16	25
1405	18	11	25	41	18	18	11	11	16	25
1406	18	11	25	41	18	18	11	11	16	25
1407	18	11	25	41	18	20	11	11	18	25
1408	18	11	25	41	18	20	11	11	20	25
1409	18	11	25	41	20	21	11	11	19	25
1410	18	11	25	41	21	22	11	11	17	25
1411	18	11	25	41	22	20	11	11	16	26
1412	18	11	25	41	22	19	11	11	15	26
1413	18	11	25	42	22	18	11	11	15	26
1414	18	12	25	41	22	18	11	11	15	26
1415	18	12	25	41	22	18	11	11	15	26
1416	18	12	25	42	22	18	11	11	15	26
1417	18	12	25	43	22	18	11	11	15	26
1418	18	12	25	44	22	18	11	11	15	26
1419	18	12	25	45	20	18	11	11	15	26
1420	20	12	25	45	19	18	11	11	15	25
1421	21	12	25	44	18	18	11	11	15	25
1422	22	12	25	43	18	18	11	11	15	25
1423	22	12	25	42	18	18	11	11	15	25
1424	22	12	25	41	18	18	11	11	15	25
1425	22	12	25	41	18	18	11	11	15	25
1426	20	11	25	41	18	18	11	11	15	25
1427	19	11	25	41	18	18	11	11	15	25
1428	18	11	25	41	18	18	11	11	15	25
1429	18	11	25	41	18	18	11	11	15	25
1430	18	11	25	41	18	17	11	11	15	25
1431	18	11	25	41	20	17	11	12	15	25
1432	18	11	25	41	21	17	11	12	15	25
1433	18	11	25	41	22	17	11	12	15	24
1434	18	11	25	41	20	16	11	12	15	24
1435	18	11	25	41	19	15	11	12	15	24
1436	18	11	25	40	18	15	11	12	15	24
1437	18	11	25	41	18	15	11	12	15	24
1438	18	11	25	43	18	15	11	12	15	24
1439	18	11	25	44	18	15	11	11	15	24
1440	18	11	25	45	18	15	11	11	15	24
1441	18	11	25	44	18	15	11	11	15	24
1442	17	10	24	43	18	15	11	11	15	24
1443	16	10	24	42	17	15	10	11	14	24
1444	15	10	24	42	17	14	10	11	14	24
1445	17	10	24	42	17	13	9	10	14	24
1446	19	10	24	42	17	12	9	9	14	24
1447	19	10	24	43	17	11	9	8	13	24
1448	20	9	24	44	17	10	9	9	13	24
1449	20	9	24	45	17	10	9	8	13	24
1450	21	9	23	43	17	10	9	9	13	24
1451	22	9	22	42	17	9	9	8	13	23
1452	22	8	22	41	17	9	8	9	13	22
1453	22	9	22	41	17	8	9	9	13	22
1454	21	8	22	41	17	9	9	8	12	22
1455	22	9	22	41	16	8	9	9	12	22
1456	32	15	28	45	22	13	16	13	18	30
1457	53	27	40	50	34	22	32	24	30	46
1458	71	36	49	55	42	29	44	33	39	58
1459	80	43	53	59	46	34	53	40	44	66
1460	84	47	53	60	49	38	57	45	46	70
1461	87	50	52	60	51	41	60	48	46	72
1462	89	52	51	59	53	43	61	51	46	73
1463	87	52	51	58	53	43	61	51	45	74
1464	86	51	51	58	50	42	60	50	43	75
1465	81	51	51	58	47	40	56	49	41	75
1466	76	50	51	57	45	39	53	48	39	72
1467	70	49	49	57	45	37	49	48	37	67
1468	66	48	45	57	45	36	45	47	36	64
1469	63	47	43	57	45	35	42	43	35	62
1470	60	45	42	57	45	35	40	40	35	60
1471	57	43	40	57	45	35	39	38	34	59
1472	55	41	40	58	44	33	37	37	32	56
1473	54	40	40	59	43	31	36	36	32	53
1474	52	39	40	59	41	30	35	34	32	51
1475	50	38	40	60	40	28	35	32	32	50
1476	49	38	40	61	39	27	35	30	32	49
1477	48	38	40	63	38	26	35	29	32	48
1478	48	38	40	64	38	25	35	27	32	48
1479	48	38	39	64	38	25	35	26	32	48
1480	48	37	39	64	38	25	35	25	32	48
1481	48	37	39	64	38	25	35	25	30	48
1482	48	37	39	63	38	25	34	25	29	48
1483	48	37	39	62	38	25	34	25	28	48
1484	48	37	39	61	38	25	34	25	28	48
1485	48	37	39	61	38	25	34	25	28	48
1486	48	36	39	61	38	25	34	25	27	48
1487	48	36	39	61	38	25	32	25	27	48
1488	48	37	39	61	38	25	30	25	27	48
1489	47	39	39	62	38	25	29	25	27	49
1490	47	41	39	60	38	25	28	25	27	48
1491	48	43	39	60	38	25	28	25	27	48
1492	48	44	39	60	38	25	28	25	27	48
1493	48	46	39	60	38	25	28	25	27	48
1494	48	47	39	59	38	25	28	25	27	48
1495	48	46	39	58	38	25	28	25	27	48
1496	48	44	39	58	38	25	28	25	27	48
1497	48	42	40	58	37	25	28	25	27	48
1498	48	41	42	58	37	25	28	25	29	48
1499	48	41	42	58	37	25	28	25	30	48
1500	48	41	41	58	37	25	28	25	31	48
1501	48	41	41	58	37	25	28	25	32	48
